% FILE: Exam4_matlab.1
%
%       t             Q1             Q2             U1             U2
%   (second)        (UNITS)        (UNITS)        (UNITS)        (UNITS)

  0.000000E+00   7.854000E-01   8.730000E-02   0.000000E+00   0.000000E+00 
  5.000000E-02   7.770532E-01   9.786775E-02  -3.145189E-01   3.842407E-01 
  1.000000E-01   7.552732E-01   1.231209E-01  -5.479401E-01   6.090591E-01 
  1.500000E-01   7.228494E-01   1.576703E-01  -7.451732E-01   7.661057E-01 
  2.000000E-01   6.810142E-01   1.993084E-01  -9.265343E-01   8.970028E-01 
  2.500000E-01   6.303169E-01   2.472312E-01  -1.100449E+00   1.019144E+00 
  3.000000E-01   5.710491E-01   3.011703E-01  -1.269465E+00   1.137915E+00 
  3.500000E-01   5.034591E-01   3.609551E-01  -1.433096E+00   1.252509E+00 
  4.000000E-01   4.278631E-01   4.262864E-01  -1.589283E+00   1.358957E+00 
  4.500000E-01   3.447009E-01   4.966276E-01  -1.735253E+00   1.452003E+00 
  5.000000E-01   2.545563E-01   5.711763E-01  -1.868113E+00   1.526456E+00 
  5.500000E-01   1.581519E-01   6.488936E-01  -1.985252E+00   1.578184E+00 
  6.000000E-01   5.632855E-02   7.285741E-01  -2.084563E+00   1.604737E+00 
  6.500000E-01  -4.998159E-02   8.089383E-01  -2.164519E+00   1.605607E+00 
  7.000000E-01  -1.597843E-01   8.887293E-01  -2.224151E+00   1.582198E+00 
  7.500000E-01  -2.720502E-01   9.668045E-01  -2.263012E+00   1.537623E+00 
  8.000000E-01  -3.857400E-01   1.042213E+00  -2.281159E+00   1.476392E+00 
  8.500000E-01  -4.998304E-01   1.114258E+00  -2.279180E+00   1.404028E+00 
  9.000000E-01  -6.133413E-01   1.182532E+00  -2.258219E+00   1.326628E+00 
  9.500000E-01  -7.253641E-01   1.246940E+00  -2.219984E+00   1.250369E+00 
  1.000000E+00  -8.350883E-01   1.307684E+00  -2.166672E+00   1.180999E+00 
  1.050000E+00  -9.418221E-01   1.365236E+00  -2.100807E+00   1.123336E+00 
  1.100000E+00  -1.045003E+00   1.420272E+00  -2.024993E+00   1.080862E+00 
  1.150000E+00  -1.144196E+00   1.473607E+00  -1.941625E+00   1.055455E+00 
  1.200000E+00  -1.239072E+00   1.526106E+00  -1.852614E+00   1.047294E+00 
  1.250000E+00  -1.329384E+00   1.578601E+00  -1.759183E+00   1.054947E+00 
  1.300000E+00  -1.414924E+00   1.631818E+00  -1.661758E+00   1.075610E+00 
  1.350000E+00  -1.495487E+00   1.686315E+00  -1.559977E+00   1.105450E+00 
  1.400000E+00  -1.570832E+00   1.742441E+00  -1.452783E+00   1.139984E+00 
  1.450000E+00  -1.640649E+00   1.800313E+00  -1.338603E+00   1.174454E+00 
  1.500000E+00  -1.704545E+00   1.859807E+00  -1.215564E+00   1.204148E+00 
  1.550000E+00  -1.762026E+00   1.920574E+00  -1.081744E+00   1.224659E+00 
  1.600000E+00  -1.812511E+00   1.982054E+00  -9.354374E-01   1.232070E+00 
  1.650000E+00  -1.855341E+00   2.043507E+00  -7.754390E-01   1.223087E+00 
  1.700000E+00  -1.889819E+00   2.104046E+00  -6.013233E-01   1.195135E+00 
  1.750000E+00  -1.915248E+00   2.162675E+00  -4.136999E-01   1.146439E+00 
  1.800000E+00  -1.930993E+00   2.218329E+00  -2.143923E-01   1.076096E+00 
  1.850000E+00  -1.936543E+00   2.269923E+00  -6.480852E-03   9.841359E-01 
  1.900000E+00  -1.931567E+00   2.316398E+00   2.058450E-01   8.715626E-01 
  1.950000E+00  -1.915967E+00   2.356768E+00   4.176340E-01   7.403393E-01 
  2.000000E+00  -1.889900E+00   2.390169E+00   6.236604E-01   5.933146E-01 
  2.050000E+00  -1.853781E+00   2.415896E+00   8.189302E-01   4.340860E-01 
  2.100000E+00  -1.808260E+00   2.433443E+00   9.990715E-01   2.668231E-01 
  2.150000E+00  -1.754185E+00   2.442520E+00   1.160529E+00   9.608405E-02 
  2.200000E+00  -1.692564E+00   2.443073E+00   1.300567E+00  -7.334965E-02 
  2.250000E+00  -1.624520E+00   2.435288E+00   1.417165E+00  -2.366102E-01 
  2.300000E+00  -1.551262E+00   2.419596E+00   1.508904E+00  -3.888656E-01 
  2.350000E+00  -1.474059E+00   2.396663E+00   1.574895E+00  -5.254464E-01 
  2.400000E+00  -1.394208E+00   2.367385E+00   1.614779E+00  -6.419965E-01 
  2.450000E+00  -1.313013E+00   2.332862E+00   1.628730E+00  -7.346524E-01 
  2.500000E+00  -1.231756E+00   2.294371E+00   1.617456E+00  -8.002456E-01 
  2.550000E+00  -1.151668E+00   2.253327E+00   1.582155E+00  -8.365099E-01 
  2.600000E+00  -1.073914E+00   2.211230E+00   1.524448E+00  -8.422730E-01 
  2.650000E+00  -9.995644E-01   2.169608E+00   1.446309E+00  -8.176119E-01 
  2.700000E+00  -9.295857E-01   2.129952E+00   1.350020E+00  -7.639481E-01 
  2.750000E+00  -8.648224E-01   2.093650E+00   1.238136E+00  -6.840622E-01 
  2.800000E+00  -8.059854E-01   2.061916E+00   1.113458E+00  -5.820056E-01 
  2.850000E+00  -7.536398E-01   2.035735E+00   9.789932E-01  -4.628997E-01 
  2.900000E+00  -7.081969E-01   2.015813E+00   8.378810E-01  -3.326281E-01 
  2.950000E+00  -6.699096E-01   2.002553E+00   6.932937E-01  -1.974508E-01 
  3.000000E+00  -6.388739E-01   1.996045E+00   5.483184E-01  -6.358855E-02 
  3.050000E+00  -6.150358E-01   1.996076E+00   4.058483E-01   6.316768E-02 
  3.100000E+00  -5.982034E-01   2.002159E+00   2.685046E-01   1.777721E-01 
  3.150000E+00  -5.880612E-01   2.013582E+00   1.386004E-01   2.761376E-01 
  3.200000E+00  -5.841857E-01   2.029451E+00   1.814692E-02   3.552444E-01 
  3.250000E+00  -5.860598E-01   2.048752E+00  -9.111201E-02   4.131594E-01 
  3.300000E+00  -5.930850E-01   2.070399E+00  -1.876593E-01   4.489951E-01 
  3.350000E+00  -6.045919E-01   2.093285E+00  -2.701815E-01   4.628319E-01 
  3.400000E+00  -6.198509E-01   2.116331E+00  -3.375815E-01   4.556239E-01 
  3.450000E+00  -6.380841E-01   2.138525E+00  -3.890356E-01   4.290959E-01 
  3.500000E+00  -6.584809E-01   2.158958E+00  -4.240879E-01   3.856310E-01 
  3.550000E+00  -6.802196E-01   2.176854E+00  -4.427632E-01   3.281446E-01 
  3.600000E+00  -7.024939E-01   2.191593E+00  -4.456651E-01   2.599419E-01 
  3.650000E+00  -7.245435E-01   2.202728E+00  -4.340308E-01   1.845603E-01 
  3.700000E+00  -7.456854E-01   2.209990E+00  -4.097156E-01   1.056015E-01 
  3.750000E+00  -7.653432E-01   2.213287E+00  -3.751008E-01   2.656666E-02 
  3.800000E+00  -7.830695E-01   2.212700E+00  -3.329361E-01  -4.929493E-02 
  3.850000E+00  -7.985596E-01   2.208459E+00  -2.861398E-01  -1.191125E-01 
  3.900000E+00  -8.116544E-01   2.200929E+00  -2.375898E-01  -1.804894E-01 
  3.950000E+00  -8.223337E-01   2.190582E+00  -1.899337E-01  -2.315662E-01 
  4.000000E+00  -8.307007E-01   2.177966E+00  -1.454398E-01  -2.710509E-01 
  4.050000E+00  -8.369605E-01   2.163682E+00  -1.058996E-01  -2.982227E-01 
  4.100000E+00  -8.413947E-01   2.148352E+00  -7.258233E-02  -3.129110E-01 
  4.150000E+00  -8.443352E-01   2.132594E+00  -4.623540E-02  -3.154563E-01 
  4.200000E+00  -8.461390E-01   2.116996E+00  -2.712085E-02  -3.066538E-01 
  4.250000E+00  -8.471653E-01   2.102098E+00  -1.507605E-02  -2.876857E-01 
  4.300000E+00  -8.477561E-01   2.088372E+00  -9.589027E-03  -2.600416E-01 
  4.350000E+00  -8.482206E-01   2.076210E+00  -9.880049E-03  -2.254323E-01 
  4.400000E+00  -8.488243E-01   2.065914E+00  -1.498294E-02  -1.856999E-01 
  4.450000E+00  -8.497812E-01   2.057694E+00  -2.382173E-02  -1.427275E-01 
  4.500000E+00  -8.512501E-01   2.051665E+00  -3.527924E-02  -9.835475E-02 
  4.550000E+00  -8.533344E-01   2.047853E+00  -4.825571E-02  -5.430307E-02 
  4.600000E+00  -8.560837E-01   2.046204E+00  -6.171621E-02  -1.211343E-02 
  4.650000E+00  -8.594985E-01   2.046589E+00  -7.472679E-02   2.689953E-02 
  4.700000E+00  -8.635354E-01   2.048823E+00  -8.647967E-02   6.167696E-02 
  4.750000E+00  -8.681143E-01   2.052673E+00  -9.630890E-02   9.142937E-02 
  4.800000E+00  -8.731255E-01   2.057873E+00  -1.036977E-01   1.156357E-01 
  4.850000E+00  -8.784372E-01   2.064139E+00  -1.082795E-01   1.340308E-01 
  4.900000E+00  -8.839029E-01   2.071179E+00  -1.098335E-01   1.465837E-01 
  4.950000E+00  -8.893686E-01   2.078703E+00  -1.082767E-01   1.534701E-01 
  5.000000E+00  -8.946794E-01   2.086437E+00  -1.036539E-01   1.550402E-01 
  5.050000E+00  -8.996855E-01   2.094127E+00  -9.612378E-02   1.517860E-01 
  5.100000E+00  -9.042476E-01   2.101545E+00  -8.594540E-02   1.443074E-01 
  5.150000E+00  -9.082416E-01   2.108498E+00  -7.346155E-02   1.332796E-01 
  5.200000E+00  -9.115621E-01   2.114826E+00  -5.908179E-02   1.194229E-01 
  5.250000E+00  -9.141258E-01   2.120406E+00  -4.326424E-02   1.034744E-01 
  5.300000E+00  -9.158727E-01   2.125151E+00  -2.649694E-02   8.616265E-02 
  5.350000E+00  -9.167680E-01   2.129011E+00  -9.279146E-03   6.818580E-02 
  5.400000E+00  -9.168014E-01   2.131969E+00   7.896700E-03   5.019270E-02 
  5.450000E+00  -9.159868E-01   2.134040E+00   2.456175E-02   3.276759E-02 
  5.500000E+00  -9.143609E-01   2.135264E+00   4.028565E-02   1.641812E-02 
  5.550000E+00  -9.119803E-01   2.135706E+00   5.468903E-02   1.566695E-03 
  5.600000E+00  -9.089193E-01   2.135451E+00   6.745320E-02  -1.145487E-02 
  5.650000E+00  -9.052665E-01   2.134595E+00   7.832688E-02  -2.240768E-02 
  5.700000E+00  -9.011212E-01   2.133247E+00   8.712985E-02  -3.114511E-02 
  5.750000E+00  -8.965899E-01   2.131519E+00   9.375371E-02  -3.760938E-02 
  5.800000E+00  -8.917828E-01   2.129524E+00   9.816004E-02  -4.182583E-02 
  5.850000E+00  -8.868104E-01   2.127372E+00   1.003761E-01  -4.389484E-02 
  5.900000E+00  -8.817803E-01   2.125167E+00   1.004890E-01  -4.398210E-02 
  5.950000E+00  -8.767943E-01   2.123003E+00   9.863757E-02  -4.230735E-02 
  6.000000E+00  -8.719463E-01   2.120962E+00   9.500457E-02  -3.913217E-02 
  6.050000E+00  -8.673199E-01   2.119110E+00   8.980693E-02  -3.474721E-02 
  6.100000E+00  -8.629876E-01   2.117502E+00   8.328660E-02  -2.945938E-02 
  6.150000E+00  -8.590090E-01   2.116174E+00   7.570123E-02  -2.357939E-02 
  6.200000E+00  -8.554308E-01   2.115149E+00   6.731530E-02  -1.741011E-02 
  6.250000E+00  -8.522865E-01   2.114433E+00   5.839191E-02  -1.123613E-02 
  6.300000E+00  -8.495964E-01   2.114021E+00   4.918527E-02  -5.314822E-03 
  6.350000E+00  -8.473687E-01   2.113894E+00   3.993428E-02   1.308650E-04 
  6.400000E+00  -8.456000E-01   2.114023E+00   3.085696E-02   4.917725E-03 
  6.450000E+00  -8.442768E-01   2.114372E+00   2.214615E-02   8.905686E-03 
  6.500000E+00  -8.433765E-01   2.114899E+00   1.396614E-02   1.199928E-02 
  6.550000E+00  -8.428691E-01   2.115556E+00   6.450520E-03   1.414733E-02 
  6.600000E+00  -8.427187E-01   2.116298E+00  -2.989346E-04   1.534094E-02 
  6.650000E+00  -8.428851E-01   2.117075E+00  -6.212367E-03   1.561013E-02 
  6.700000E+00  -8.433253E-01   2.117844E+00  -1.125093E-02   1.501922E-02 
  6.750000E+00  -8.439954E-01   2.118564E+00  -1.540501E-02   1.366141E-02 
  6.800000E+00  -8.448514E-01   2.119199E+00  -1.869168E-02   1.165261E-02 
  6.850000E+00  -8.458508E-01   2.119721E+00  -2.115147E-02   9.125102E-03 
  6.900000E+00  -8.469537E-01   2.120106E+00  -2.284463E-02   6.221007E-03 
  6.950000E+00  -8.481237E-01   2.120339E+00  -2.384705E-02   3.086006E-03 
  7.000000E+00  -8.493284E-01   2.120413E+00  -2.424598E-02  -1.365403E-04 
  7.050000E+00  -8.505398E-01   2.120326E+00  -2.413570E-02  -3.310881E-03 
  7.100000E+00  -8.517351E-01   2.120085E+00  -2.361340E-02  -6.313422E-03 
  7.150000E+00  -8.528959E-01   2.119700E+00  -2.277527E-02  -9.036424E-03 
  7.200000E+00  -8.540089E-01   2.119187E+00  -2.171309E-02  -1.139078E-02 
  7.250000E+00  -8.550649E-01   2.118568E+00  -2.051129E-02  -1.330786E-02 
  7.300000E+00  -8.560589E-01   2.117864E+00  -1.924465E-02  -1.474041E-02 
  7.350000E+00  -8.569894E-01   2.117102E+00  -1.797662E-02  -1.566261E-02 
  7.400000E+00  -8.578574E-01   2.116307E+00  -1.675827E-02  -1.606926E-02 
  7.450000E+00  -8.586667E-01   2.115504E+00  -1.562790E-02  -1.597433E-02 
  7.500000E+00  -8.594221E-01   2.114717E+00  -1.461121E-02  -1.540884E-02 
  7.550000E+00  -8.601299E-01   2.113970E+00  -1.372196E-02  -1.441840E-02 
  7.600000E+00  -8.607965E-01   2.113281E+00  -1.296306E-02  -1.306027E-02 
  7.650000E+00  -8.614283E-01   2.112669E+00  -1.232799E-02  -1.140039E-02 
  7.700000E+00  -8.620311E-01   2.112145E+00  -1.180249E-02  -9.510264E-03 
  7.750000E+00  -8.626100E-01   2.111720E+00  -1.136628E-02  -7.463923E-03 
  7.800000E+00  -8.631688E-01   2.111400E+00  -1.099498E-02  -5.335093E-03 
  7.850000E+00  -8.637102E-01   2.111187E+00  -1.066184E-02  -3.194603E-03 
  7.900000E+00  -8.642352E-01   2.111080E+00  -1.033947E-02  -1.108143E-03 
  7.950000E+00  -8.647438E-01   2.111074E+00  -1.000140E-02   8.655911E-04 
  8.000000E+00  -8.652347E-01   2.111164E+00  -9.623378E-03   2.676337E-03 
  8.050000E+00  -8.657052E-01   2.111339E+00  -9.184476E-03   4.283264E-03 
  8.100000E+00  -8.661518E-01   2.111588E+00  -8.667950E-03   5.655545E-03 
  8.150000E+00  -8.665705E-01   2.111900E+00  -8.061810E-03   6.772526E-03 
  8.200000E+00  -8.669564E-01   2.112261E+00  -7.359156E-03   7.623511E-03 
  8.250000E+00  -8.673047E-01   2.112658E+00  -6.558253E-03   8.207228E-03 
  8.300000E+00  -8.676106E-01   2.113077E+00  -5.662396E-03   8.531010E-03 
  8.350000E+00  -8.678695E-01   2.113507E+00  -4.679569E-03   8.609754E-03 
  8.400000E+00  -8.680773E-01   2.113935E+00  -3.621941E-03   8.464718E-03 
  8.450000E+00  -8.682307E-01   2.114350E+00  -2.505226E-03   8.122213E-03 
  8.500000E+00  -8.683272E-01   2.114744E+00  -1.347945E-03   7.612246E-03 
  8.550000E+00  -8.683652E-01   2.115109E+00  -1.706329E-04   6.967160E-03 
  8.600000E+00  -8.683443E-01   2.115439E+00   1.004994E-03   6.220334E-03 
  8.650000E+00  -8.682651E-01   2.115730E+00   2.156854E-03   5.404962E-03 
  8.700000E+00  -8.681294E-01   2.115979E+00   3.263289E-03   4.552962E-03 
  8.750000E+00  -8.679399E-01   2.116185E+00   4.303784E-03   3.694034E-03 
  8.800000E+00  -8.677004E-01   2.116349E+00   5.259613E-03   2.854882E-03 
  8.850000E+00  -8.674156E-01   2.116471E+00   6.114379E-03   2.058618E-03 
  8.900000E+00  -8.670909E-01   2.116556E+00   6.854439E-03   1.324342E-03 
  8.950000E+00  -8.667322E-01   2.116605E+00   7.469222E-03   6.669106E-04 
  9.000000E+00  -8.663462E-01   2.116624E+00   7.951413E-03   9.686899E-05 
  9.050000E+00  -8.659394E-01   2.116616E+00   8.297025E-03  -3.794607E-04 
  9.100000E+00  -8.655187E-01   2.116587E+00   8.505360E-03  -7.597488E-04 
  9.150000E+00  -8.650911E-01   2.116542E+00   8.578863E-03  -1.045312E-03 
  9.200000E+00  -8.646630E-01   2.116484E+00   8.522891E-03  -1.240673E-03 
  9.250000E+00  -8.642408E-01   2.116419E+00   8.345402E-03  -1.353049E-03 
  9.300000E+00  -8.638303E-01   2.116350E+00   8.056591E-03  -1.391797E-03 
  9.350000E+00  -8.634368E-01   2.116281E+00   7.668477E-03  -1.367837E-03 
  9.400000E+00  -8.630649E-01   2.116214E+00   7.194467E-03  -1.293075E-03 
  9.450000E+00  -8.627186E-01   2.116152E+00   6.648917E-03  -1.179853E-03 
  9.500000E+00  -8.624010E-01   2.116097E+00   6.046685E-03  -1.040431E-03 
  9.550000E+00  -8.621146E-01   2.116049E+00   5.402718E-03  -8.865334E-04 
  9.600000E+00  -8.618611E-01   2.116008E+00   4.731658E-03  -7.289521E-04 
  9.650000E+00  -8.616416E-01   2.115976E+00   4.047498E-03  -5.772310E-04 
  9.700000E+00  -8.614564E-01   2.115950E+00   3.363281E-03  -4.394250E-04 
  9.750000E+00  -8.613051E-01   2.115931E+00   2.690852E-03  -3.219415E-04 
  9.800000E+00  -8.611869E-01   2.115918E+00   2.040672E-03  -2.294586E-04 
  9.850000E+00  -8.611005E-01   2.115908E+00   1.421686E-03  -1.649185E-04 
  9.900000E+00  -8.610441E-01   2.115901E+00   8.412424E-04  -1.295874E-04 
  9.950000E+00  -8.610157E-01   2.115894E+00   3.050800E-04  -1.231742E-04 
  1.000000E+01  -8.610128E-01   2.115888E+00  -1.826512E-04  -1.439977E-04 
  1.005000E+01  -8.610331E-01   2.115880E+00  -6.193156E-04  -1.891916E-04 
  1.010000E+01  -8.610739E-01   2.115869E+00  -1.003684E-03  -2.549361E-04 
  1.015000E+01  -8.611326E-01   2.115854E+00  -1.335796E-03  -3.367047E-04 
  1.020000E+01  -8.612066E-01   2.115835E+00  -1.616797E-03  -4.295163E-04 
  1.025000E+01  -8.612934E-01   2.115811E+00  -1.848765E-03  -5.281808E-04 
  1.030000E+01  -8.613907E-01   2.115782E+00  -2.034526E-03  -6.275321E-04 
  1.035000E+01  -8.614962E-01   2.115748E+00  -2.177469E-03  -7.226385E-04 
  1.040000E+01  -8.616078E-01   2.115710E+00  -2.281370E-03  -8.089864E-04 
  1.045000E+01  -8.617237E-01   2.115667E+00  -2.350225E-03  -8.826315E-04 
  1.050000E+01  -8.618423E-01   2.115622E+00  -2.388094E-03  -9.403159E-04 
  1.055000E+01  -8.619621E-01   2.115574E+00  -2.398975E-03  -9.795487E-04 
  1.060000E+01  -8.620818E-01   2.115524E+00  -2.386686E-03  -9.986507E-04 
  1.065000E+01  -8.622004E-01   2.115474E+00  -2.354780E-03  -9.967654E-04 
  1.070000E+01  -8.623170E-01   2.115425E+00  -2.306480E-03  -9.738372E-04 
  1.075000E+01  -8.624309E-01   2.115377E+00  -2.244634E-03  -9.305625E-04 
  1.080000E+01  -8.625413E-01   2.115332E+00  -2.171695E-03  -8.683157E-04 
  1.085000E+01  -8.626479E-01   2.115291E+00  -2.089717E-03  -7.890573E-04 
  1.090000E+01  -8.627502E-01   2.115253E+00  -2.000375E-03  -6.952262E-04 
  1.095000E+01  -8.628478E-01   2.115221E+00  -1.904990E-03  -5.896249E-04 
  1.100000E+01  -8.629406E-01   2.115195E+00  -1.804570E-03  -4.752985E-04 
  1.105000E+01  -8.630282E-01   2.115174E+00  -1.699860E-03  -3.554165E-04 
  1.110000E+01  -8.631105E-01   2.115159E+00  -1.591395E-03  -2.331577E-04 
  1.115000E+01  -8.631873E-01   2.115151E+00  -1.479556E-03  -1.116044E-04 
  1.120000E+01  -8.632584E-01   2.115148E+00  -1.364623E-03   6.351454E-06 
  1.125000E+01  -8.633237E-01   2.115151E+00  -1.246826E-03   1.180891E-04 
  1.130000E+01  -8.633830E-01   2.115160E+00  -1.126396E-03   2.213231E-04 
  1.135000E+01  -8.634363E-01   2.115173E+00  -1.003600E-03   3.141521E-04 
  1.140000E+01  -8.634834E-01   2.115191E+00  -8.787744E-04   3.950897E-04 
  1.145000E+01  -8.635241E-01   2.115212E+00  -7.523501E-04   4.630795E-04 
  1.150000E+01  -8.635586E-01   2.115237E+00  -6.248647E-04   5.174943E-04 
  1.155000E+01  -8.635866E-01   2.115264E+00  -4.969702E-04   5.581216E-04 
  1.160000E+01  -8.636083E-01   2.115292E+00  -3.694302E-04   5.851362E-04 
  1.165000E+01  -8.636236E-01   2.115322E+00  -2.431107E-04   5.990624E-04 
  1.170000E+01  -8.636326E-01   2.115352E+00  -1.189635E-04   6.007286E-04 
  1.175000E+01  -8.636355E-01   2.115382E+00   1.994621E-06   5.912152E-04 
  1.180000E+01  -8.636325E-01   2.115411E+00   1.187073E-04   5.718000E-04 
  1.185000E+01  -8.636238E-01   2.115439E+00   2.301069E-04   5.439009E-04 
  1.190000E+01  -8.636096E-01   2.115465E+00   3.351433E-04   5.090206E-04 
  1.195000E+01  -8.635904E-01   2.115490E+00   4.328132E-04   4.686929E-04 
  1.200000E+01  -8.635665E-01   2.115512E+00   5.221886E-04   4.244334E-04 
  1.205000E+01  -8.635383E-01   2.115532E+00   6.024421E-04   3.776957E-04 
  1.210000E+01  -8.635064E-01   2.115550E+00   6.728696E-04   3.298338E-04 
  1.215000E+01  -8.634712E-01   2.115565E+00   7.329092E-04   2.820717E-04 
  1.220000E+01  -8.634333E-01   2.115578E+00   7.821552E-04   2.354800E-04 
  1.225000E+01  -8.633932E-01   2.115589E+00   8.203680E-04   1.909606E-04 
  1.230000E+01  -8.633514E-01   2.115597E+00   8.474784E-04   1.492379E-04 
  1.235000E+01  -8.633086E-01   2.115604E+00   8.635876E-04   1.108574E-04 
  1.240000E+01  -8.632652E-01   2.115608E+00   8.689622E-04   7.619049E-05 
  1.245000E+01  -8.632219E-01   2.115612E+00   8.640256E-04   4.544391E-05 
  1.250000E+01  -8.631790E-01   2.115613E+00   8.493445E-04   1.867467E-05 
  1.255000E+01  -8.631371E-01   2.115613E+00   8.256131E-04  -4.192170E-06 
  1.260000E+01  -8.630966E-01   2.115613E+00   7.936350E-04  -2.334289E-05 
  1.265000E+01  -8.630578E-01   2.115611E+00   7.543019E-04  -3.905314E-05 
  1.270000E+01  -8.630212E-01   2.115609E+00   7.085725E-04  -5.166524E-05 
  1.275000E+01  -8.629871E-01   2.115606E+00   6.574505E-04  -6.156590E-05 
  1.280000E+01  -8.629556E-01   2.115603E+00   6.019625E-04  -6.916493E-05 
  1.285000E+01  -8.629269E-01   2.115599E+00   5.431370E-04  -7.487572E-05 
  1.290000E+01  -8.629013E-01   2.115595E+00   4.819847E-04  -7.909795E-05 
  1.295000E+01  -8.628788E-01   2.115591E+00   4.194804E-04  -8.220299E-05 
  1.300000E+01  -8.628594E-01   2.115587E+00   3.565473E-04  -8.452220E-05 
  1.305000E+01  -8.628431E-01   2.115583E+00   2.940436E-04  -8.633829E-05 
  1.310000E+01  -8.628299E-01   2.115578E+00   2.327515E-04  -8.787966E-05 
  1.315000E+01  -8.628198E-01   2.115574E+00   1.733692E-04  -8.931778E-05 
  1.320000E+01  -8.628125E-01   2.115570E+00   1.165050E-04  -9.076719E-05 
  1.325000E+01  -8.628081E-01   2.115565E+00   6.267477E-05  -9.228799E-05 
  1.330000E+01  -8.628062E-01   2.115560E+00   1.230096E-05  -9.389041E-05 
  1.335000E+01  -8.628068E-01   2.115556E+00  -3.428561E-05  -9.554099E-05 
  1.340000E+01  -8.628096E-01   2.115551E+00  -7.684234E-05  -9.717014E-05 
  1.345000E+01  -8.628144E-01   2.115546E+00  -1.152097E-04  -9.868044E-05 
  1.350000E+01  -8.628210E-01   2.115541E+00  -1.493047E-04  -9.995539E-05 
  1.355000E+01  -8.628293E-01   2.115536E+00  -1.791136E-04  -1.008682E-04 
  1.360000E+01  -8.628389E-01   2.115531E+00  -2.046837E-04  -1.012903E-04 
  1.365000E+01  -8.628497E-01   2.115526E+00  -2.261149E-04  -1.010989E-04 
  1.370000E+01  -8.628614E-01   2.115521E+00  -2.435512E-04  -1.001842E-04 
  1.375000E+01  -8.628740E-01   2.115516E+00  -2.571721E-04  -9.845512E-05 
  1.380000E+01  -8.628871E-01   2.115511E+00  -2.671847E-04  -9.584372E-05 
  1.385000E+01  -8.629006E-01   2.115506E+00  -2.738164E-04  -9.230859E-05 
  1.390000E+01  -8.629144E-01   2.115502E+00  -2.773077E-04  -8.783680E-05 
  1.395000E+01  -8.629283E-01   2.115497E+00  -2.779069E-04  -8.244442E-05 
  1.400000E+01  -8.629422E-01   2.115493E+00  -2.758643E-04  -7.617602E-05 
  1.405000E+01  -8.629558E-01   2.115490E+00  -2.714284E-04  -6.910288E-05 
  1.410000E+01  -8.629693E-01   2.115487E+00  -2.648426E-04  -6.132035E-05 
  1.415000E+01  -8.629823E-01   2.115484E+00  -2.563423E-04  -5.294438E-05 
  1.420000E+01  -8.629949E-01   2.115481E+00  -2.461537E-04  -4.410746E-05 
  1.425000E+01  -8.630069E-01   2.115479E+00  -2.344920E-04  -3.495414E-05 
  1.430000E+01  -8.630183E-01   2.115478E+00  -2.215618E-04  -2.563635E-05 
  1.435000E+01  -8.630290E-01   2.115477E+00  -2.075562E-04  -1.630870E-05 
  1.440000E+01  -8.630390E-01   2.115476E+00  -1.926579E-04  -7.123878E-06 
  1.445000E+01  -8.630483E-01   2.115476E+00  -1.770394E-04   1.771606E-06 
  1.450000E+01  -8.630567E-01   2.115476E+00  -1.608637E-04   1.024127E-05 
  1.455000E+01  -8.630644E-01   2.115477E+00  -1.442856E-04   1.816201E-05 
  1.460000E+01  -8.630712E-01   2.115478E+00  -1.274521E-04   2.542679E-05 
  1.465000E+01  -8.630771E-01   2.115480E+00  -1.105034E-04   3.194673E-05 
  1.470000E+01  -8.630822E-01   2.115481E+00  -9.357321E-05   3.765253E-05 
  1.475000E+01  -8.630865E-01   2.115483E+00  -7.678959E-05   4.249512E-05 
  1.480000E+01  -8.630899E-01   2.115486E+00  -6.027482E-05   4.644579E-05 
  1.485000E+01  -8.630925E-01   2.115488E+00  -4.414563E-05   4.949567E-05 
  1.490000E+01  -8.630943E-01   2.115490E+00  -2.851291E-05   5.165461E-05 
  1.495000E+01  -8.630954E-01   2.115493E+00  -1.348139E-05   5.294971E-05 
  1.500000E+01  -8.630957E-01   2.115496E+00   8.508844E-07   5.342339E-05 
  1.505000E+01  -8.630953E-01   2.115498E+00   1.439324E-05   5.313120E-05 
  1.510000E+01  -8.630942E-01   2.115501E+00   2.706307E-05   5.213945E-05 
  1.515000E+01  -8.630926E-01   2.115504E+00   3.878666E-05   5.052269E-05 
  1.520000E+01  -8.630904E-01   2.115506E+00   4.949996E-05   4.836125E-05 
  1.525000E+01  -8.630877E-01   2.115508E+00   5.914928E-05   4.573877E-05 
  1.530000E+01  -8.630845E-01   2.115511E+00   6.769202E-05   4.273988E-05 
  1.535000E+01  -8.630809E-01   2.115513E+00   7.509713E-05   3.944809E-05 
  1.540000E+01  -8.630770E-01   2.115515E+00   8.134555E-05   3.594394E-05 
  1.545000E+01  -8.630728E-01   2.115516E+00   8.643040E-05   3.230336E-05 
  1.550000E+01  -8.630684E-01   2.115518E+00   9.035701E-05   2.859635E-05 
  1.555000E+01  -8.630638E-01   2.115519E+00   9.314273E-05   2.488604E-05 
  1.560000E+01  -8.630591E-01   2.115520E+00   9.481656E-05   2.122792E-05 
  1.565000E+01  -8.630543E-01   2.115521E+00   9.541859E-05   1.766952E-05 
  1.570000E+01  -8.630496E-01   2.115522E+00   9.499921E-05   1.425022E-05 
  1.575000E+01  -8.630448E-01   2.115523E+00   9.361820E-05   1.100145E-05 
  1.580000E+01  -8.630402E-01   2.115523E+00   9.134367E-05   7.946961E-06 
  1.585000E+01  -8.630357E-01   2.115524E+00   8.825085E-05   5.103433E-06 
  1.590000E+01  -8.630314E-01   2.115524E+00   8.442079E-05   2.481094E-06 
  1.595000E+01  -8.630273E-01   2.115524E+00   7.993906E-05   8.451658E-08 
  1.600000E+01  -8.630234E-01   2.115524E+00   7.489437E-05  -2.086548E-06 
  1.605000E+01  -8.630198E-01   2.115524E+00   6.937716E-05  -4.036297E-06 
  1.610000E+01  -8.630165E-01   2.115523E+00   6.347829E-05  -5.772021E-06 
  1.615000E+01  -8.630135E-01   2.115523E+00   5.728776E-05  -7.303271E-06 
  1.620000E+01  -8.630108E-01   2.115523E+00   5.089352E-05  -8.641097E-06 
  1.625000E+01  -8.630084E-01   2.115522E+00   4.438031E-05  -9.797361E-06 
  1.630000E+01  -8.630063E-01   2.115522E+00   3.782876E-05  -1.078415E-05 
  1.635000E+01  -8.630046E-01   2.115521E+00   3.131449E-05  -1.161327E-05 
  1.640000E+01  -8.630032E-01   2.115520E+00   2.490742E-05  -1.229590E-05 
  1.645000E+01  -8.630021E-01   2.115520E+00   1.867121E-05  -1.284230E-05 
  1.650000E+01  -8.630013E-01   2.115519E+00   1.266284E-05  -1.326167E-05 
  1.655000E+01  -8.630008E-01   2.115518E+00   6.932327E-06  -1.356203E-05 
  1.660000E+01  -8.630006E-01   2.115518E+00   1.522607E-06  -1.375029E-05 
  1.665000E+01  -8.630007E-01   2.115517E+00  -3.530481E-06  -1.383234E-05 
  1.670000E+01  -8.630010E-01   2.115516E+00  -8.198094E-06  -1.381315E-05 
  1.675000E+01  -8.630015E-01   2.115516E+00  -1.245816E-05  -1.369699E-05 
  1.680000E+01  -8.630022E-01   2.115515E+00  -1.629510E-05  -1.348767E-05 
  1.685000E+01  -8.630031E-01   2.115514E+00  -1.969943E-05  -1.318874E-05 
  1.690000E+01  -8.630042E-01   2.115514E+00  -2.266733E-05  -1.280370E-05 
  1.695000E+01  -8.630054E-01   2.115513E+00  -2.520019E-05  -1.233629E-05 
  1.700000E+01  -8.630067E-01   2.115513E+00  -2.730407E-05  -1.179061E-05 
  1.705000E+01  -8.630081E-01   2.115512E+00  -2.898922E-05  -1.117130E-05 
  1.710000E+01  -8.630096E-01   2.115511E+00  -3.026951E-05  -1.048371E-05 
  1.715000E+01  -8.630111E-01   2.115511E+00  -3.116194E-05  -9.733907E-06 
  1.720000E+01  -8.630127E-01   2.115510E+00  -3.168612E-05  -8.928766E-06 
  1.725000E+01  -8.630143E-01   2.115510E+00  -3.186381E-05  -8.075939E-06 
  1.730000E+01  -8.630159E-01   2.115510E+00  -3.171846E-05  -7.183812E-06 
  1.735000E+01  -8.630174E-01   2.115509E+00  -3.127477E-05  -6.261417E-06 
  1.740000E+01  -8.630190E-01   2.115509E+00  -3.055837E-05  -5.318309E-06 
  1.745000E+01  -8.630205E-01   2.115509E+00  -2.959540E-05  -4.364420E-06 
  1.750000E+01  -8.630219E-01   2.115509E+00  -2.841230E-05  -3.409890E-06 
  1.755000E+01  -8.630233E-01   2.115508E+00  -2.703544E-05  -2.464880E-06 
  1.760000E+01  -8.630246E-01   2.115508E+00  -2.549097E-05  -1.539393E-06 
  1.765000E+01  -8.630259E-01   2.115508E+00  -2.380457E-05  -6.430757E-07 
  1.770000E+01  -8.630270E-01   2.115508E+00  -2.200130E-05   2.149548E-07 
  1.775000E+01  -8.630281E-01   2.115508E+00  -2.010545E-05   1.026281E-06 
  1.780000E+01  -8.630290E-01   2.115508E+00  -1.814042E-05   1.783333E-06 
  1.785000E+01  -8.630299E-01   2.115508E+00  -1.612859E-05   2.479515E-06 
  1.790000E+01  -8.630306E-01   2.115509E+00  -1.409130E-05   3.109305E-06 
  1.795000E+01  -8.630313E-01   2.115509E+00  -1.204870E-05   3.668327E-06 
  1.800000E+01  -8.630318E-01   2.115509E+00  -1.001972E-05   4.153396E-06 
  1.805000E+01  -8.630323E-01   2.115509E+00  -8.022043E-06   4.562529E-06 
  1.810000E+01  -8.630326E-01   2.115509E+00  -6.072017E-06   4.894938E-06 
  1.815000E+01  -8.630329E-01   2.115510E+00  -4.184644E-06   5.150982E-06 
  1.820000E+01  -8.630331E-01   2.115510E+00  -2.373537E-06   5.332109E-06 
  1.825000E+01  -8.630331E-01   2.115510E+00  -6.508995E-07   5.440772E-06 
  1.830000E+01  -8.630331E-01   2.115510E+00   9.724968E-07   5.480325E-06 
  1.835000E+01  -8.630330E-01   2.115511E+00   2.487325E-06   5.454906E-06 
  1.840000E+01  -8.630329E-01   2.115511E+00   3.885711E-06   5.369319E-06 
  1.845000E+01  -8.630327E-01   2.115511E+00   5.161231E-06   5.228897E-06 
  1.850000E+01  -8.630324E-01   2.115512E+00   6.308904E-06   5.039373E-06 
  1.855000E+01  -8.630320E-01   2.115512E+00   7.325173E-06   4.806750E-06 
  1.860000E+01  -8.630316E-01   2.115512E+00   8.207879E-06   4.537172E-06 
  1.865000E+01  -8.630312E-01   2.115512E+00   8.956222E-06   4.236808E-06 
  1.870000E+01  -8.630307E-01   2.115512E+00   9.570716E-06   3.911746E-06 
  1.875000E+01  -8.630303E-01   2.115513E+00   1.005313E-05   3.567889E-06 
  1.880000E+01  -8.630297E-01   2.115513E+00   1.040641E-05   3.210881E-06 
  1.885000E+01  -8.630292E-01   2.115513E+00   1.063463E-05   2.846031E-06 
  1.890000E+01  -8.630287E-01   2.115513E+00   1.074286E-05   2.478259E-06 
  1.895000E+01  -8.630281E-01   2.115513E+00   1.073712E-05   2.112057E-06 
  1.900000E+01  -8.630276E-01   2.115513E+00   1.062423E-05   1.751460E-06 
  1.905000E+01  -8.630271E-01   2.115513E+00   1.041174E-05   1.400031E-06 
  1.910000E+01  -8.630266E-01   2.115513E+00   1.010779E-05   1.060857E-06 
  1.915000E+01  -8.630261E-01   2.115513E+00   9.721028E-06   7.365614E-07 
  1.920000E+01  -8.630256E-01   2.115513E+00   9.260439E-06   4.293134E-07 
  1.925000E+01  -8.630251E-01   2.115514E+00   8.735276E-06   1.408556E-07 
  1.930000E+01  -8.630247E-01   2.115514E+00   8.154924E-06  -1.274686E-07 
  1.935000E+01  -8.630243E-01   2.115514E+00   7.528795E-06  -3.746821E-07 
  1.940000E+01  -8.630240E-01   2.115513E+00   6.866215E-06  -6.001383E-07 
  1.945000E+01  -8.630236E-01   2.115513E+00   6.176330E-06  -8.034852E-07 
  1.950000E+01  -8.630234E-01   2.115513E+00   5.468008E-06  -9.846284E-07 
  1.955000E+01  -8.630231E-01   2.115513E+00   4.749760E-06  -1.143696E-06 
  1.960000E+01  -8.630229E-01   2.115513E+00   4.029661E-06  -1.281007E-06 
  1.965000E+01  -8.630227E-01   2.115513E+00   3.315288E-06  -1.397037E-06 
  1.970000E+01  -8.630226E-01   2.115513E+00   2.613662E-06  -1.492394E-06 
  1.975000E+01  -8.630224E-01   2.115513E+00   1.931207E-06  -1.567793E-06 
  1.980000E+01  -8.630224E-01   2.115513E+00   1.273715E-06  -1.624038E-06 
  1.985000E+01  -8.630223E-01   2.115513E+00   6.463223E-07  -1.661999E-06 
  1.990000E+01  -8.630223E-01   2.115513E+00   5.349604E-08  -1.682603E-06 
  1.995000E+01  -8.630223E-01   2.115513E+00  -5.009689E-07  -1.686824E-06 
  2.000000E+01  -8.630223E-01   2.115513E+00  -1.013946E-06  -1.675669E-06 
  2.005000E+01  -8.630224E-01   2.115513E+00  -1.482964E-06  -1.650177E-06 
  2.010000E+01  -8.630225E-01   2.115512E+00  -1.906188E-06  -1.611409E-06 
  2.015000E+01  -8.630226E-01   2.115512E+00  -2.282392E-06  -1.560452E-06 
  2.020000E+01  -8.630227E-01   2.115512E+00  -2.610926E-06  -1.498409E-06 
  2.025000E+01  -8.630229E-01   2.115512E+00  -2.891685E-06  -1.426400E-06 
  2.030000E+01  -8.630230E-01   2.115512E+00  -3.125064E-06  -1.345558E-06 
  2.035000E+01  -8.630232E-01   2.115512E+00  -3.311918E-06  -1.257026E-06 
  2.040000E+01  -8.630233E-01   2.115512E+00  -3.453519E-06  -1.161958E-06 
  2.045000E+01  -8.630235E-01   2.115512E+00  -3.551507E-06  -1.061505E-06 
  2.050000E+01  -8.630237E-01   2.115512E+00  -3.607849E-06  -9.568193E-07 
  2.055000E+01  -8.630239E-01   2.115512E+00  -3.624791E-06  -8.490439E-07 
  2.060000E+01  -8.630241E-01   2.115512E+00  -3.604816E-06  -7.393056E-07 
  2.065000E+01  -8.630242E-01   2.115512E+00  -3.550597E-06  -6.287080E-07 
  2.070000E+01  -8.630244E-01   2.115512E+00  -3.464958E-06  -5.183233E-07 
  2.075000E+01  -8.630246E-01   2.115512E+00  -3.350836E-06  -4.091835E-07 
  2.080000E+01  -8.630247E-01   2.115512E+00  -3.211242E-06  -3.022717E-07 
  2.085000E+01  -8.630249E-01   2.115512E+00  -3.049225E-06  -1.985131E-07 
  2.090000E+01  -8.630250E-01   2.115512E+00  -2.867842E-06  -9.876728E-08 
  2.095000E+01  -8.630252E-01   2.115512E+00  -2.670129E-06  -3.819733E-09 
  2.100000E+01  -8.630253E-01   2.115512E+00  -2.459074E-06   8.562467E-08 
  2.105000E+01  -8.630254E-01   2.115512E+00  -2.237587E-06   1.689479E-07 
  2.110000E+01  -8.630255E-01   2.115512E+00  -2.008489E-06   2.456233E-07 
  2.115000E+01  -8.630256E-01   2.115512E+00  -1.774484E-06   3.152196E-07 
  2.120000E+01  -8.630257E-01   2.115512E+00  -1.538145E-06   3.774025E-07 
  2.125000E+01  -8.630258E-01   2.115512E+00  -1.301900E-06   4.319357E-07 
  2.130000E+01  -8.630258E-01   2.115512E+00  -1.068020E-06   4.786801E-07 
  2.135000E+01  -8.630259E-01   2.115512E+00  -8.386100E-07   5.175914E-07 
  2.140000E+01  -8.630259E-01   2.115512E+00  -6.155967E-07   5.487165E-07 
  2.145000E+01  -8.630260E-01   2.115512E+00  -4.007271E-07   5.721892E-07 
  2.150000E+01  -8.630260E-01   2.115512E+00  -1.955619E-07   5.882235E-07 
  2.155000E+01  -8.630260E-01   2.115512E+00  -1.473465E-09   5.971071E-07 
  2.160000E+01  -8.630260E-01   2.115512E+00   1.803549E-07   5.991936E-07 
  2.165000E+01  -8.630260E-01   2.115512E+00   3.489287E-07   5.948941E-07 
  2.170000E+01  -8.630259E-01   2.115512E+00   5.034395E-07   5.846682E-07 
  2.175000E+01  -8.630259E-01   2.115512E+00   6.432620E-07   5.690152E-07 
  2.180000E+01  -8.630259E-01   2.115512E+00   7.679485E-07   5.484651E-07 
  2.185000E+01  -8.630258E-01   2.115512E+00   8.772234E-07   5.235692E-07 
  2.190000E+01  -8.630258E-01   2.115512E+00   9.709754E-07   4.948916E-07 
  2.195000E+01  -8.630257E-01   2.115512E+00   1.049250E-06   4.630011E-07 
  2.200000E+01  -8.630257E-01   2.115512E+00   1.112238E-06   4.284632E-07 
  2.205000E+01  -8.630256E-01   2.115512E+00   1.160270E-06   3.918330E-07 
  2.210000E+01  -8.630256E-01   2.115512E+00   1.193799E-06   3.536490E-07 
  2.215000E+01  -8.630255E-01   2.115512E+00   1.213396E-06   3.144274E-07 
  2.220000E+01  -8.630254E-01   2.115512E+00   1.219732E-06   2.746574E-07 
  2.225000E+01  -8.630254E-01   2.115512E+00   1.213569E-06   2.347970E-07 
  2.230000E+01  -8.630253E-01   2.115512E+00   1.195748E-06   1.952705E-07 
  2.235000E+01  -8.630253E-01   2.115512E+00   1.167173E-06   1.564653E-07 
  2.240000E+01  -8.630252E-01   2.115512E+00   1.128800E-06   1.187311E-07 
  2.245000E+01  -8.630251E-01   2.115512E+00   1.081627E-06   8.237848E-08 
  2.250000E+01  -8.630251E-01   2.115512E+00   1.026676E-06   4.767910E-08 
  2.255000E+01  -8.630250E-01   2.115512E+00   9.649859E-07   1.486569E-08 
  2.260000E+01  -8.630250E-01   2.115512E+00   8.976001E-07  -1.586695E-08 
  2.265000E+01  -8.630250E-01   2.115512E+00   8.255538E-07  -4.436074E-08 
  2.270000E+01  -8.630249E-01   2.115512E+00   7.498651E-07  -7.049272E-08 
  2.275000E+01  -8.630249E-01   2.115512E+00   6.715253E-07  -9.417318E-08 
  2.280000E+01  -8.630248E-01   2.115512E+00   5.914906E-07  -1.153436E-07 
  2.285000E+01  -8.630248E-01   2.115512E+00   5.106736E-07  -1.339745E-07 
  2.290000E+01  -8.630248E-01   2.115512E+00   4.299375E-07  -1.500630E-07 
  2.295000E+01  -8.630248E-01   2.115512E+00   3.500893E-07  -1.636305E-07 
  2.300000E+01  -8.630248E-01   2.115512E+00   2.718755E-07  -1.747207E-07 
  2.305000E+01  -8.630248E-01   2.115512E+00   1.959779E-07  -1.833968E-07 
  2.310000E+01  -8.630247E-01   2.115512E+00   1.230108E-07  -1.897396E-07 
  2.315000E+01  -8.630247E-01   2.115512E+00   5.351859E-08  -1.938453E-07 
  2.320000E+01  -8.630247E-01   2.115512E+00  -1.202488E-08  -1.958235E-07 
  2.325000E+01  -8.630247E-01   2.115512E+00  -7.321700E-08  -1.957950E-07 
  2.330000E+01  -8.630247E-01   2.115512E+00  -1.297258E-07  -1.938903E-07 
  2.335000E+01  -8.630248E-01   2.115512E+00  -1.812886E-07  -1.902478E-07 
  2.340000E+01  -8.630248E-01   2.115512E+00  -2.277104E-07  -1.850121E-07 
  2.345000E+01  -8.630248E-01   2.115512E+00  -2.688610E-07  -1.783323E-07 
  2.350000E+01  -8.630248E-01   2.115512E+00  -3.046722E-07  -1.703612E-07 
  2.355000E+01  -8.630248E-01   2.115512E+00  -3.351345E-07  -1.612530E-07 
  2.360000E+01  -8.630248E-01   2.115512E+00  -3.602927E-07  -1.511628E-07 
  2.365000E+01  -8.630248E-01   2.115512E+00  -3.802422E-07  -1.402451E-07 
  2.370000E+01  -8.630249E-01   2.115512E+00  -3.951243E-07  -1.286525E-07 
  2.375000E+01  -8.630249E-01   2.115512E+00  -4.051219E-07  -1.165348E-07 
  2.380000E+01  -8.630249E-01   2.115512E+00  -4.104545E-07  -1.040381E-07 
  2.385000E+01  -8.630249E-01   2.115512E+00  -4.113737E-07  -9.130356E-08 
  2.390000E+01  -8.630249E-01   2.115512E+00  -4.081584E-07  -7.846649E-08 
  2.395000E+01  -8.630250E-01   2.115512E+00  -4.011099E-07  -6.565571E-08 
  2.400000E+01  -8.630250E-01   2.115512E+00  -3.905478E-07  -5.299269E-08 
  2.405000E+01  -8.630250E-01   2.115512E+00  -3.768053E-07  -4.059079E-08 
  2.410000E+01  -8.630250E-01   2.115512E+00  -3.602250E-07  -2.855469E-08 
  2.415000E+01  -8.630250E-01   2.115512E+00  -3.411548E-07  -1.697986E-08 
  2.420000E+01  -8.630251E-01   2.115512E+00  -3.199443E-07  -5.952069E-09 
  2.425000E+01  -8.630251E-01   2.115512E+00  -2.969413E-07   4.452907E-09 
  2.430000E+01  -8.630251E-01   2.115512E+00  -2.724881E-07   1.416958E-08 
  2.435000E+01  -8.630251E-01   2.115512E+00  -2.469191E-07   2.314286E-08 
  2.440000E+01  -8.630251E-01   2.115512E+00  -2.205577E-07   3.132814E-08 
  2.445000E+01  -8.630251E-01   2.115512E+00  -1.937141E-07   3.869116E-08 
  2.450000E+01  -8.630251E-01   2.115512E+00  -1.666829E-07   4.520792E-08 
  2.455000E+01  -8.630251E-01   2.115512E+00  -1.397417E-07   5.086435E-08 
  2.460000E+01  -8.630251E-01   2.115512E+00  -1.131492E-07   5.565597E-08 
  2.465000E+01  -8.630251E-01   2.115512E+00  -8.714402E-08   5.958742E-08 
  2.470000E+01  -8.630252E-01   2.115512E+00  -6.194391E-08   6.267195E-08 
  2.475000E+01  -8.630252E-01   2.115512E+00  -3.774473E-08   6.493077E-08 
  2.480000E+01  -8.630252E-01   2.115512E+00  -1.472014E-08   6.639241E-08 
  2.485000E+01  -8.630252E-01   2.115512E+00   6.978720E-09   6.709199E-08 
  2.490000E+01  -8.630252E-01   2.115512E+00   2.722320E-08   6.707043E-08 
  2.495000E+01  -8.630252E-01   2.115512E+00   4.590697E-08   6.637372E-08 
  2.500000E+01  -8.630251E-01   2.115512E+00   6.294567E-08   6.505202E-08 
  2.505000E+01  -8.630251E-01   2.115512E+00   7.827629E-08   6.315893E-08 
  2.510000E+01  -8.630251E-01   2.115512E+00   9.185648E-08   6.075066E-08 
  2.515000E+01  -8.630251E-01   2.115512E+00   1.036637E-07   5.788521E-08 
  2.520000E+01  -8.630251E-01   2.115512E+00   1.136940E-07   5.462165E-08 
  2.525000E+01  -8.630251E-01   2.115512E+00   1.219614E-07   5.101937E-08 
  2.530000E+01  -8.630251E-01   2.115512E+00   1.284960E-07   4.713741E-08 
  2.535000E+01  -8.630251E-01   2.115512E+00   1.333432E-07   4.303384E-08 
  2.540000E+01  -8.630251E-01   2.115512E+00   1.365620E-07   3.876516E-08 
  2.545000E+01  -8.630251E-01   2.115512E+00   1.382240E-07   3.438580E-08 
  2.550000E+01  -8.630251E-01   2.115512E+00   1.384113E-07   2.994765E-08 
  2.555000E+01  -8.630251E-01   2.115512E+00   1.372157E-07   2.549969E-08 
  2.560000E+01  -8.630251E-01   2.115512E+00   1.347366E-07   2.108767E-08 
  2.565000E+01  -8.630251E-01   2.115512E+00   1.310801E-07   1.675380E-08 
  2.570000E+01  -8.630251E-01   2.115512E+00   1.263572E-07   1.253661E-08 
  2.575000E+01  -8.630251E-01   2.115512E+00   1.206825E-07   8.470754E-09 
  2.580000E+01  -8.630251E-01   2.115512E+00   1.141728E-07   4.586951E-09 
  2.585000E+01  -8.630250E-01   2.115512E+00   1.069459E-07   9.119425E-10 
  2.590000E+01  -8.630250E-01   2.115512E+00   9.911929E-08  -2.531499E-09 
  2.595000E+01  -8.630250E-01   2.115512E+00   9.080890E-08  -5.724512E-09 
  2.600000E+01  -8.630250E-01   2.115512E+00   8.212825E-08  -8.652053E-09 
  2.605000E+01  -8.630250E-01   2.115512E+00   7.318732E-08  -1.130277E-08 
  2.610000E+01  -8.630250E-01   2.115512E+00   6.409172E-08  -1.366884E-08 
  2.615000E+01  -8.630250E-01   2.115512E+00   5.494188E-08  -1.574581E-08 
  2.620000E+01  -8.630250E-01   2.115512E+00   4.583236E-08  -1.753238E-08 
  2.625000E+01  -8.630250E-01   2.115512E+00   3.685131E-08  -1.903016E-08 
  2.630000E+01  -8.630250E-01   2.115512E+00   2.807994E-08  -2.024350E-08 
  2.635000E+01  -8.630250E-01   2.115512E+00   1.959219E-08  -2.117921E-08 
  2.640000E+01  -8.630250E-01   2.115512E+00   1.145439E-08  -2.184635E-08 
  2.645000E+01  -8.630250E-01   2.115512E+00   3.725145E-09  -2.225594E-08 
  2.650000E+01  -8.630250E-01   2.115512E+00  -3.544821E-09  -2.242077E-08 
  2.655000E+01  -8.630250E-01   2.115512E+00  -1.031263E-08  -2.235511E-08 
  2.660000E+01  -8.630250E-01   2.115512E+00  -1.654321E-08  -2.207452E-08 
  2.665000E+01  -8.630250E-01   2.115512E+00  -2.220909E-08  -2.159558E-08 
  2.670000E+01  -8.630250E-01   2.115512E+00  -2.729026E-08  -2.093570E-08 
  2.675000E+01  -8.630250E-01   2.115512E+00  -3.177382E-08  -2.011287E-08 
  2.680000E+01  -8.630250E-01   2.115512E+00  -3.565369E-08  -1.914549E-08 
  2.685000E+01  -8.630250E-01   2.115512E+00  -3.893021E-08  -1.805215E-08 
  2.690000E+01  -8.630250E-01   2.115512E+00  -4.160971E-08  -1.685147E-08 
  2.695000E+01  -8.630250E-01   2.115512E+00  -4.370407E-08  -1.556191E-08 
  2.700000E+01  -8.630250E-01   2.115512E+00  -4.523024E-08  -1.420161E-08 
  2.705000E+01  -8.630250E-01   2.115512E+00  -4.620972E-08  -1.278827E-08 
  2.710000E+01  -8.630250E-01   2.115512E+00  -4.666806E-08  -1.133896E-08 
  2.715000E+01  -8.630250E-01   2.115512E+00  -4.663433E-08  -9.870083E-09 
  2.720000E+01  -8.630250E-01   2.115512E+00  -4.614061E-08  -8.397175E-09 
  2.725000E+01  -8.630250E-01   2.115512E+00  -4.522146E-08  -6.934874E-09 
  2.730000E+01  -8.630250E-01   2.115512E+00  -4.391343E-08  -5.496812E-09 
  2.735000E+01  -8.630250E-01   2.115512E+00  -4.225456E-08  -4.095554E-09 
  2.740000E+01  -8.630250E-01   2.115512E+00  -4.028387E-08  -2.742538E-09 
  2.745000E+01  -8.630250E-01   2.115512E+00  -3.804098E-08  -1.448035E-09 
  2.750000E+01  -8.630251E-01   2.115512E+00  -3.556561E-08  -2.211210E-10 
  2.755000E+01  -8.630251E-01   2.115512E+00  -3.289722E-08   9.303435E-10 
  2.760000E+01  -8.630251E-01   2.115512E+00  -3.007462E-08   1.999716E-09 
  2.765000E+01  -8.630251E-01   2.115512E+00  -2.713564E-08   2.981566E-09 
  2.770000E+01  -8.630251E-01   2.115512E+00  -2.411682E-08   3.871658E-09 
  2.775000E+01  -8.630251E-01   2.115512E+00  -2.105312E-08   4.666921E-09 
  2.780000E+01  -8.630251E-01   2.115512E+00  -1.797769E-08   5.365413E-09 
  2.785000E+01  -8.630251E-01   2.115512E+00  -1.492169E-08   5.966272E-09 
  2.790000E+01  -8.630251E-01   2.115512E+00  -1.191404E-08   6.469661E-09 
  2.795000E+01  -8.630251E-01   2.115512E+00  -8.981348E-09   6.876705E-09 
  2.800000E+01  -8.630251E-01   2.115512E+00  -6.147778E-09   7.189426E-09 
  2.805000E+01  -8.630251E-01   2.115512E+00  -3.434960E-09   7.410664E-09 
  2.810000E+01  -8.630251E-01   2.115512E+00  -8.619498E-10   7.544000E-09 
  2.815000E+01  -8.630251E-01   2.115512E+00   1.554794E-09   7.593679E-09 
  2.820000E+01  -8.630251E-01   2.115512E+00   3.801403E-09   7.564518E-09 
  2.825000E+01  -8.630251E-01   2.115512E+00   5.866573E-09   7.461830E-09 
  2.830000E+01  -8.630251E-01   2.115512E+00   7.741510E-09   7.291334E-09 
  2.835000E+01  -8.630251E-01   2.115512E+00   9.419853E-09   7.059071E-09 
  2.840000E+01  -8.630251E-01   2.115512E+00   1.089759E-08   6.771323E-09 
  2.845000E+01  -8.630251E-01   2.115512E+00   1.217292E-08   6.434533E-09 
  2.850000E+01  -8.630251E-01   2.115512E+00   1.324619E-08   6.055229E-09 
  2.855000E+01  -8.630251E-01   2.115512E+00   1.411970E-08   5.639949E-09 
  2.860000E+01  -8.630251E-01   2.115512E+00   1.479755E-08   5.195172E-09 
  2.865000E+01  -8.630251E-01   2.115512E+00   1.528554E-08   4.727262E-09 
  2.870000E+01  -8.630251E-01   2.115512E+00   1.559098E-08   4.242399E-09 
  2.875000E+01  -8.630251E-01   2.115512E+00   1.572249E-08   3.746536E-09 
  2.880000E+01  -8.630251E-01   2.115512E+00   1.568988E-08   3.245349E-09 
  2.885000E+01  -8.630251E-01   2.115512E+00   1.550395E-08   2.744197E-09 
  2.890000E+01  -8.630251E-01   2.115512E+00   1.517633E-08   2.248088E-09 
  2.895000E+01  -8.630251E-01   2.115512E+00   1.471932E-08   1.761651E-09 
  2.900000E+01  -8.630251E-01   2.115512E+00   1.414572E-08   1.289113E-09 
  2.905000E+01  -8.630251E-01   2.115512E+00   1.346864E-08   8.342848E-10 
  2.910000E+01  -8.630250E-01   2.115512E+00   1.270142E-08   4.005483E-10 
  2.915000E+01  -8.630250E-01   2.115512E+00   1.185742E-08  -9.148992E-12 
  2.920000E+01  -8.630250E-01   2.115512E+00   1.094991E-08  -3.922941E-10 
  2.925000E+01  -8.630250E-01   2.115512E+00   9.991954E-09  -7.468045E-10 
  2.930000E+01  -8.630250E-01   2.115512E+00   8.996281E-09  -1.071021E-09 
  2.935000E+01  -8.630250E-01   2.115512E+00   7.975179E-09  -1.363696E-09 
  2.940000E+01  -8.630250E-01   2.115512E+00   6.940404E-09  -1.623977E-09 
  2.945000E+01  -8.630250E-01   2.115512E+00   5.903099E-09  -1.851387E-09 
  2.950000E+01  -8.630250E-01   2.115512E+00   4.873719E-09  -2.045811E-09 
  2.955000E+01  -8.630250E-01   2.115512E+00   3.861972E-09  -2.207464E-09 
  2.960000E+01  -8.630250E-01   2.115512E+00   2.876769E-09  -2.336872E-09 
  2.965000E+01  -8.630250E-01   2.115512E+00   1.926188E-09  -2.434845E-09 
  2.970000E+01  -8.630250E-01   2.115512E+00   1.017445E-09  -2.502449E-09 
  2.975000E+01  -8.630250E-01   2.115512E+00   1.568777E-10  -2.540979E-09 
  2.980000E+01  -8.630250E-01   2.115512E+00  -6.500613E-10  -2.551934E-09 
  2.985000E+01  -8.630250E-01   2.115512E+00  -1.398803E-09  -2.536983E-09 
  2.990000E+01  -8.630250E-01   2.115512E+00  -2.085648E-09  -2.497943E-09 
  2.995000E+01  -8.630250E-01   2.115512E+00  -2.707753E-09  -2.436747E-09 
  3.000000E+01  -8.630250E-01   2.115512E+00  -3.263099E-09  -2.355422E-09 
  3.005000E+01  -8.630250E-01   2.115512E+00  -3.750460E-09  -2.256061E-09 
  3.010000E+01  -8.630250E-01   2.115512E+00  -4.169366E-09  -2.140799E-09 
  3.015000E+01  -8.630250E-01   2.115512E+00  -4.520055E-09  -2.011787E-09 
  3.020000E+01  -8.630250E-01   2.115512E+00  -4.803431E-09  -1.871176E-09 
  3.025000E+01  -8.630250E-01   2.115512E+00  -5.021005E-09  -1.721090E-09 
  3.030000E+01  -8.630250E-01   2.115512E+00  -5.174845E-09  -1.563611E-09 
  3.035000E+01  -8.630250E-01   2.115512E+00  -5.267522E-09  -1.400761E-09 
  3.040000E+01  -8.630250E-01   2.115512E+00  -5.302044E-09  -1.234485E-09 
  3.045000E+01  -8.630250E-01   2.115512E+00  -5.281806E-09  -1.066639E-09 
  3.050000E+01  -8.630250E-01   2.115512E+00  -5.210527E-09  -8.989759E-10 
  3.055000E+01  -8.630250E-01   2.115512E+00  -5.092191E-09  -7.331350E-10 
  3.060000E+01  -8.630250E-01   2.115512E+00  -4.930995E-09  -5.706351E-10 
  3.065000E+01  -8.630250E-01   2.115512E+00  -4.731289E-09  -4.128660E-10 
  3.070000E+01  -8.630250E-01   2.115512E+00  -4.497525E-09  -2.610830E-10 
  3.075000E+01  -8.630250E-01   2.115512E+00  -4.234207E-09  -1.164035E-10 
  3.080000E+01  -8.630250E-01   2.115512E+00  -3.945841E-09   2.019528E-11 
  3.085000E+01  -8.630251E-01   2.115512E+00  -3.636891E-09   1.478776E-10 
  3.090000E+01  -8.630251E-01   2.115512E+00  -3.311738E-09   2.659481E-10 
  3.095000E+01  -8.630251E-01   2.115512E+00  -2.974643E-09   3.738500E-10 
  3.100000E+01  -8.630251E-01   2.115512E+00  -2.629709E-09   4.711622E-10 
  3.105000E+01  -8.630251E-01   2.115512E+00  -2.280855E-09   5.575945E-10 
  3.110000E+01  -8.630251E-01   2.115512E+00  -1.931785E-09   6.329827E-10 
  3.115000E+01  -8.630251E-01   2.115512E+00  -1.585969E-09   6.972823E-10 
  3.120000E+01  -8.630251E-01   2.115512E+00  -1.246621E-09   7.505616E-10 
  3.125000E+01  -8.630251E-01   2.115512E+00  -9.166845E-10   7.929936E-10 
  3.130000E+01  -8.630251E-01   2.115512E+00  -5.988219E-10   8.248486E-10 
  3.135000E+01  -8.630251E-01   2.115512E+00  -2.954048E-10   8.464842E-10 
  3.140000E+01  -8.630251E-01   2.115512E+00  -8.510103E-12   8.583371E-10 
  3.145000E+01  -8.630251E-01   2.115512E+00   2.600818E-10   8.609139E-10 
  3.150000E+01  -8.630251E-01   2.115512E+00   5.088858E-10   8.547811E-10 
  3.155000E+01  -8.630251E-01   2.115512E+00   7.367073E-10   8.405564E-10 
  3.160000E+01  -8.630251E-01   2.115512E+00   9.426359E-10   8.188982E-10 
  3.165000E+01  -8.630251E-01   2.115512E+00   1.126036E-09   7.904972E-10 
  3.170000E+01  -8.630251E-01   2.115512E+00   1.286535E-09   7.560676E-10 
  3.175000E+01  -8.630251E-01   2.115512E+00   1.424012E-09   7.163379E-10 
  3.180000E+01  -8.630251E-01   2.115512E+00   1.538579E-09   6.720432E-10 
  3.185000E+01  -8.630251E-01   2.115512E+00   1.630569E-09   6.239168E-10 
  3.190000E+01  -8.630251E-01   2.115512E+00   1.700518E-09   5.726832E-10 
  3.195000E+01  -8.630251E-01   2.115512E+00   1.749144E-09   5.190517E-10 
  3.200000E+01  -8.630251E-01   2.115512E+00   1.777331E-09   4.637099E-10 
  3.205000E+01  -8.630251E-01   2.115512E+00   1.786108E-09   4.073179E-10 
  3.210000E+01  -8.630251E-01   2.115512E+00   1.776630E-09   3.505043E-10 
  3.215000E+01  -8.630251E-01   2.115512E+00   1.750160E-09   2.938610E-10 
  3.220000E+01  -8.630250E-01   2.115512E+00   1.708049E-09   2.379399E-10 
  3.225000E+01  -8.630250E-01   2.115512E+00   1.651714E-09   1.832508E-10 
  3.230000E+01  -8.630250E-01   2.115512E+00   1.582625E-09   1.302576E-10 
  3.235000E+01  -8.630250E-01   2.115512E+00   1.502281E-09   7.937764E-11 
  3.240000E+01  -8.630250E-01   2.115512E+00   1.412200E-09   3.098010E-11 
  3.245000E+01  -8.630250E-01   2.115512E+00   1.313898E-09  -1.461437E-11 
  3.250000E+01  -8.630250E-01   2.115512E+00   1.208875E-09  -5.713376E-11 
  3.255000E+01  -8.630250E-01   2.115512E+00   1.098603E-09  -9.635424E-11 
  3.260000E+01  -8.630250E-01   2.115512E+00   9.845091E-10  -1.320990E-10 
  3.265000E+01  -8.630250E-01   2.115512E+00   8.679703E-10  -1.642377E-10 
  3.270000E+01  -8.630250E-01   2.115512E+00   7.502977E-10  -1.926837E-10 
  3.275000E+01  -8.630250E-01   2.115512E+00   6.327303E-10  -2.173928E-10 
  3.280000E+01  -8.630250E-01   2.115512E+00   5.164268E-10  -2.383609E-10 
  3.285000E+01  -8.630250E-01   2.115512E+00   4.024590E-10  -2.556213E-10 
  3.290000E+01  -8.630250E-01   2.115512E+00   2.918070E-10  -2.692416E-10 
  3.295000E+01  -8.630250E-01   2.115512E+00   1.853551E-10  -2.793211E-10 
  3.300000E+01  -8.630250E-01   2.115512E+00   8.388970E-11  -2.859879E-10 
  3.305000E+01  -8.630250E-01   2.115512E+00  -1.190317E-11  -2.893956E-10 
  3.310000E+01  -8.630250E-01   2.115512E+00  -1.014373E-10  -2.897199E-10 
  3.315000E+01  -8.630250E-01   2.115512E+00  -1.842264E-10  -2.871559E-10 
  3.320000E+01  -8.630250E-01   2.115512E+00  -2.598821E-10  -2.819144E-10 
  3.325000E+01  -8.630250E-01   2.115512E+00  -3.281118E-10  -2.742191E-10 
  3.330000E+01  -8.630250E-01   2.115512E+00  -3.887152E-10  -2.643039E-10 
  3.335000E+01  -8.630250E-01   2.115512E+00  -4.415806E-10  -2.524091E-10 
  3.340000E+01  -8.630250E-01   2.115512E+00  -4.866802E-10  -2.387793E-10 
  3.345000E+01  -8.630250E-01   2.115512E+00  -5.240650E-10  -2.236602E-10 
  3.350000E+01  -8.630250E-01   2.115512E+00  -5.538594E-10  -2.072968E-10 
  3.355000E+01  -8.630250E-01   2.115512E+00  -5.762546E-10  -1.899309E-10 
  3.360000E+01  -8.630250E-01   2.115512E+00  -5.915033E-10  -1.717982E-10 
  3.365000E+01  -8.630250E-01   2.115512E+00  -5.999128E-10  -1.531271E-10 
  3.370000E+01  -8.630250E-01   2.115512E+00  -6.018387E-10  -1.341364E-10 
  3.375000E+01  -8.630250E-01   2.115512E+00  -5.976775E-10  -1.150343E-10 
  3.380000E+01  -8.630250E-01   2.115512E+00  -5.878611E-10  -9.601693E-11 
  3.385000E+01  -8.630250E-01   2.115512E+00  -5.728493E-10  -7.726716E-11 
  3.390000E+01  -8.630250E-01   2.115512E+00  -5.531244E-10  -5.895275E-11 
  3.395000E+01  -8.630250E-01   2.115512E+00  -5.291841E-10  -4.122711E-11 
  3.400000E+01  -8.630250E-01   2.115512E+00  -5.015359E-10  -2.422825E-11 
  3.405000E+01  -8.630250E-01   2.115512E+00  -4.706917E-10  -8.077506E-12 
  3.410000E+01  -8.630250E-01   2.115512E+00  -4.371619E-10   7.119130E-12 
  3.415000E+01  -8.630250E-01   2.115512E+00  -4.014513E-10   2.127291E-11 
  3.420000E+01  -8.630250E-01   2.115512E+00  -3.640535E-10   3.431053E-11 
  3.425000E+01  -8.630250E-01   2.115512E+00  -3.254470E-10   4.617377E-11 
  3.430000E+01  -8.630250E-01   2.115512E+00  -2.860918E-10   5.682020E-11 
  3.435000E+01  -8.630250E-01   2.115512E+00  -2.464256E-10   6.622227E-11 
  3.440000E+01  -8.630250E-01   2.115512E+00  -2.068616E-10   7.436672E-11 
  3.445000E+01  -8.630250E-01   2.115512E+00  -1.677849E-10   8.125317E-11 
  3.450000E+01  -8.630250E-01   2.115512E+00  -1.295513E-10   8.689360E-11 
  3.455000E+01  -8.630250E-01   2.115512E+00  -9.248566E-11   9.131220E-11 
  3.460000E+01  -8.630250E-01   2.115512E+00  -5.687989E-11   9.454284E-11 
  3.465000E+01  -8.630250E-01   2.115512E+00  -2.299315E-11   9.662965E-11 
  3.470000E+01  -8.630250E-01   2.115512E+00   8.949284E-12   9.762485E-11 
  3.475000E+01  -8.630250E-01   2.115512E+00   3.875571E-11   9.758836E-11 
  3.480000E+01  -8.630250E-01   2.115512E+00   6.626767E-11   9.658704E-11 
  3.485000E+01  -8.630250E-01   2.115512E+00   9.135980E-11   9.469235E-11 
  3.490000E+01  -8.630250E-01   2.115512E+00   1.139387E-10   9.198029E-11 
  3.495000E+01  -8.630250E-01   2.115512E+00   1.339418E-10   8.853022E-11 
  3.500000E+01  -8.630250E-01   2.115512E+00   1.513361E-10   8.442357E-11 
  3.505000E+01  -8.630250E-01   2.115512E+00   1.661164E-10   7.974317E-11 
  3.510000E+01  -8.630250E-01   2.115512E+00   1.783040E-10   7.457212E-11 
  3.515000E+01  -8.630250E-01   2.115512E+00   1.879442E-10   6.899329E-11 
  3.520000E+01  -8.630250E-01   2.115512E+00   1.951048E-10   6.308821E-11 
  3.525000E+01  -8.630250E-01   2.115512E+00   1.998736E-10   5.693633E-11 
  3.530000E+01  -8.630250E-01   2.115512E+00   2.023570E-10   5.061427E-11 
  3.535000E+01  -8.630250E-01   2.115512E+00   2.026765E-10   4.419572E-11 
  3.540000E+01  -8.630250E-01   2.115512E+00   2.009678E-10   3.775065E-11 
  3.545000E+01  -8.630250E-01   2.115512E+00   1.973777E-10   3.134475E-11 
  3.550000E+01  -8.630250E-01   2.115512E+00   1.920624E-10   2.503881E-11 
  3.555000E+01  -8.630250E-01   2.115512E+00   1.851849E-10   1.888926E-11 
  3.560000E+01  -8.630250E-01   2.115512E+00   1.769135E-10   1.294692E-11 
  3.565000E+01  -8.630250E-01   2.115512E+00   1.674196E-10   7.257315E-12 
  3.570000E+01  -8.630250E-01   2.115512E+00   1.568753E-10   1.860922E-12 
  3.575000E+01  -8.630250E-01   2.115512E+00   1.454527E-10  -3.207782E-12 
  3.580000E+01  -8.630250E-01   2.115512E+00   1.333209E-10  -7.919547E-12 
  3.585000E+01  -8.630250E-01   2.115512E+00   1.206458E-10  -1.225056E-11 
  3.590000E+01  -8.630250E-01   2.115512E+00   1.075877E-10  -1.618214E-11 
  3.595000E+01  -8.630250E-01   2.115512E+00   9.430056E-11  -1.970142E-11 
  3.600000E+01  -8.630250E-01   2.115512E+00   8.093064E-11  -2.279958E-11 
  3.605000E+01  -8.630250E-01   2.115512E+00   6.761575E-11  -2.547296E-11 
  3.610000E+01  -8.630250E-01   2.115512E+00   5.448434E-11  -2.772258E-11 
  3.615000E+01  -8.630250E-01   2.115512E+00   4.165464E-11  -2.955307E-11 
  3.620000E+01  -8.630250E-01   2.115512E+00   2.923463E-11  -3.097354E-11 
  3.625000E+01  -8.630250E-01   2.115512E+00   1.732104E-11  -3.199597E-11 
  3.630000E+01  -8.630250E-01   2.115512E+00   5.999342E-12  -3.263570E-11 
  3.635000E+01  -8.630250E-01   2.115512E+00  -4.656063E-12  -3.291123E-11 
  3.640000E+01  -8.630250E-01   2.115512E+00  -1.458235E-11  -3.284309E-11 
  3.645000E+01  -8.630250E-01   2.115512E+00  -2.372785E-11  -3.245398E-11 
  3.650000E+01  -8.630250E-01   2.115512E+00  -3.205203E-11  -3.176837E-11 
  3.655000E+01  -8.630250E-01   2.115512E+00  -3.952502E-11  -3.081202E-11 
  3.660000E+01  -8.630250E-01   2.115512E+00  -4.612727E-11  -2.961203E-11 
  3.665000E+01  -8.630250E-01   2.115512E+00  -5.184930E-11  -2.819560E-11 
  3.670000E+01  -8.630250E-01   2.115512E+00  -5.669078E-11  -2.659071E-11 
  3.675000E+01  -8.630250E-01   2.115512E+00  -6.066016E-11  -2.482540E-11 
  3.680000E+01  -8.630250E-01   2.115512E+00  -6.377410E-11  -2.292727E-11 
  3.685000E+01  -8.630250E-01   2.115512E+00  -6.605656E-11  -2.092370E-11 
  3.690000E+01  -8.630250E-01   2.115512E+00  -6.753790E-11  -1.884191E-11 
  3.695000E+01  -8.630250E-01   2.115512E+00  -6.825516E-11  -1.670686E-11 
  3.700000E+01  -8.630250E-01   2.115512E+00  -6.825020E-11  -1.454302E-11 
  3.705000E+01  -8.630250E-01   2.115512E+00  -6.756929E-11  -1.237389E-11 
  3.710000E+01  -8.630250E-01   2.115512E+00  -6.626253E-11  -1.022133E-11 
  3.715000E+01  -8.630250E-01   2.115512E+00  -6.438302E-11  -8.105503E-12 
  3.720000E+01  -8.630250E-01   2.115512E+00  -6.198611E-11  -6.044905E-12 
  3.725000E+01  -8.630250E-01   2.115512E+00  -5.912873E-11  -4.056464E-12 
  3.730000E+01  -8.630250E-01   2.115512E+00  -5.586874E-11  -2.155194E-12 
  3.735000E+01  -8.630250E-01   2.115512E+00  -5.226426E-11  -3.543665E-13 
  3.740000E+01  -8.630250E-01   2.115512E+00  -4.837303E-11   1.334537E-12 
  3.745000E+01  -8.630250E-01   2.115512E+00  -4.425210E-11   2.902187E-12 
  3.750000E+01  -8.630250E-01   2.115512E+00  -3.995687E-11   4.340526E-12 
  3.755000E+01  -8.630250E-01   2.115512E+00  -3.554116E-11   5.643727E-12 
  3.760000E+01  -8.630250E-01   2.115512E+00  -3.105645E-11   6.807701E-12 
  3.765000E+01  -8.630250E-01   2.115512E+00  -2.655165E-11   7.829802E-12 
  3.770000E+01  -8.630250E-01   2.115512E+00  -2.207261E-11   8.708874E-12 
  3.775000E+01  -8.630250E-01   2.115512E+00  -1.766217E-11   9.445568E-12 
  3.780000E+01  -8.630250E-01   2.115512E+00  -1.335950E-11   1.004154E-11 
  3.785000E+01  -8.630250E-01   2.115512E+00  -9.200264E-12   1.049976E-11 
  3.790000E+01  -8.630250E-01   2.115512E+00  -5.216477E-12   1.082455E-11 
  3.795000E+01  -8.630250E-01   2.115512E+00  -1.436355E-12   1.102114E-11 
  3.800000E+01  -8.630250E-01   2.115512E+00   2.115737E-12   1.109589E-11 
  3.805000E+01  -8.630250E-01   2.115512E+00   5.419218E-12   1.105582E-11 
  3.810000E+01  -8.630250E-01   2.115512E+00   8.457292E-12   1.090878E-11 
  3.815000E+01  -8.630250E-01   2.115512E+00   1.121679E-11   1.066310E-11 
  3.820000E+01  -8.630250E-01   2.115512E+00   1.368829E-11   1.032758E-11 
  3.825000E+01  -8.630250E-01   2.115512E+00   1.586574E-11   9.911262E-12 
  3.830000E+01  -8.630250E-01   2.115512E+00   1.774646E-11   9.423435E-12 
  3.835000E+01  -8.630250E-01   2.115512E+00   1.933090E-11   8.873291E-12 
  3.840000E+01  -8.630250E-01   2.115512E+00   2.062232E-11   8.270450E-12 
  3.845000E+01  -8.630250E-01   2.115512E+00   2.162676E-11   7.624079E-12 
  3.850000E+01  -8.630250E-01   2.115512E+00   2.235247E-11   6.943803E-12 
  3.855000E+01  -8.630250E-01   2.115512E+00   2.281029E-11   6.238247E-12 
  3.860000E+01  -8.630250E-01   2.115512E+00   2.301266E-11   5.516305E-12 
  3.865000E+01  -8.630250E-01   2.115512E+00   2.297430E-11   4.785545E-12 
  3.870000E+01  -8.630250E-01   2.115512E+00   2.271069E-11   4.054402E-12 
  3.875000E+01  -8.630250E-01   2.115512E+00   2.223901E-11   3.329989E-12 
  3.880000E+01  -8.630250E-01   2.115512E+00   2.157727E-11   2.618937E-12 
  3.885000E+01  -8.630250E-01   2.115512E+00   2.074425E-11   1.927360E-12 
  3.890000E+01  -8.630250E-01   2.115512E+00   1.975916E-11   1.260959E-12 
  3.895000E+01  -8.630250E-01   2.115512E+00   1.864143E-11   6.248174E-13 
  3.900000E+01  -8.630250E-01   2.115512E+00   1.741060E-11   2.335193E-14 
  3.905000E+01  -8.630250E-01   2.115512E+00   1.608616E-11  -5.396653E-13 
  3.910000E+01  -8.630250E-01   2.115512E+00   1.468725E-11  -1.061411E-12 
  3.915000E+01  -8.630250E-01   2.115512E+00   1.323235E-11  -1.538848E-12 
  3.920000E+01  -8.630250E-01   2.115512E+00   1.173956E-11  -1.970342E-12 
  3.925000E+01  -8.630250E-01   2.115512E+00   1.022608E-11  -2.354578E-12 
  3.930000E+01  -8.630250E-01   2.115512E+00   8.708354E-12  -2.690974E-12 
  3.935000E+01  -8.630250E-01   2.115512E+00   7.201524E-12  -2.979049E-12 
  3.940000E+01  -8.630250E-01   2.115512E+00   5.719857E-12  -3.218978E-12 
  3.945000E+01  -8.630250E-01   2.115512E+00   4.276507E-12  -3.411671E-12 
  3.950000E+01  -8.630250E-01   2.115512E+00   2.883230E-12  -3.558108E-12 
  3.955000E+01  -8.630250E-01   2.115512E+00   1.550785E-12  -3.660031E-12 
  3.960000E+01  -8.630250E-01   2.115512E+00   2.882800E-13  -3.718980E-12 
  3.965000E+01  -8.630250E-01   2.115512E+00  -8.961539E-13  -3.737260E-12 
  3.970000E+01  -8.630250E-01   2.115512E+00  -1.995728E-12  -3.717529E-12 
  3.975000E+01  -8.630250E-01   2.115512E+00  -3.005044E-12  -3.662243E-12 
  3.980000E+01  -8.630250E-01   2.115512E+00  -3.919850E-12  -3.574253E-12 
  3.985000E+01  -8.630250E-01   2.115512E+00  -4.737231E-12  -3.456414E-12 
  3.990000E+01  -8.630250E-01   2.115512E+00  -5.455265E-12  -3.311919E-12 
  3.995000E+01  -8.630250E-01   2.115512E+00  -6.073109E-12  -3.144054E-12 
  4.000000E+01  -8.630250E-01   2.115512E+00  -6.591151E-12  -2.955866E-12 
  4.005000E+01  -8.630250E-01   2.115512E+00  -7.010764E-12  -2.750224E-12 
  4.010000E+01  -8.630250E-01   2.115512E+00  -7.333976E-12  -2.530646E-12 
  4.015000E+01  -8.630250E-01   2.115512E+00  -7.563691E-12  -2.300285E-12 
  4.020000E+01  -8.630250E-01   2.115512E+00  -7.703735E-12  -2.061879E-12 
  4.025000E+01  -8.630250E-01   2.115512E+00  -7.758449E-12  -1.818347E-12 
  4.030000E+01  -8.630250E-01   2.115512E+00  -7.732725E-12  -1.572571E-12 
  4.035000E+01  -8.630250E-01   2.115512E+00  -7.632094E-12  -1.326768E-12 
  4.040000E+01  -8.630250E-01   2.115512E+00  -7.462238E-12  -1.083671E-12 
  4.045000E+01  -8.630250E-01   2.115512E+00  -7.229293E-12  -8.455213E-13 
  4.050000E+01  -8.630250E-01   2.115512E+00  -6.939803E-12  -6.139634E-13 
  4.055000E+01  -8.630250E-01   2.115512E+00  -6.600092E-12  -3.912039E-13 
  4.060000E+01  -8.630250E-01   2.115512E+00  -6.216697E-12  -1.789508E-13 
  4.065000E+01  -8.630250E-01   2.115512E+00  -5.796258E-12   2.147152E-14 
  4.070000E+01  -8.630250E-01   2.115512E+00  -5.345393E-12   2.088253E-13 
  4.075000E+01  -8.630250E-01   2.115512E+00  -4.870547E-12   3.823038E-13 
  4.080000E+01  -8.630250E-01   2.115512E+00  -4.377912E-12   5.409202E-13 
  4.085000E+01  -8.630250E-01   2.115512E+00  -3.873525E-12   6.840817E-13 
  4.090000E+01  -8.630250E-01   2.115512E+00  -3.363119E-12   8.113707E-13 
  4.095000E+01  -8.630250E-01   2.115512E+00  -2.852199E-12   9.226155E-13 
  4.100000E+01  -8.630250E-01   2.115512E+00  -2.345720E-12   1.017356E-12 
  4.105000E+01  -8.630250E-01   2.115512E+00  -1.848579E-12   1.096258E-12 
  4.110000E+01  -8.630250E-01   2.115512E+00  -1.365022E-12   1.159171E-12 
  4.115000E+01  -8.630250E-01   2.115512E+00  -8.989515E-13   1.206664E-12 
  4.120000E+01  -8.630250E-01   2.115512E+00  -4.538194E-13   1.239084E-12 
  4.125000E+01  -8.630250E-01   2.115512E+00  -3.267375E-14   1.257111E-12 
  4.130000E+01  -8.630250E-01   2.115512E+00   3.618191E-13   1.261377E-12 
  4.135000E+01  -8.630250E-01   2.115512E+00   7.274898E-13   1.252827E-12 
  4.140000E+01  -8.630250E-01   2.115512E+00   1.062621E-12   1.232203E-12 
  4.145000E+01  -8.630250E-01   2.115512E+00   1.365758E-12   1.200735E-12 
  4.150000E+01  -8.630250E-01   2.115512E+00   1.636037E-12   1.159194E-12 
  4.155000E+01  -8.630250E-01   2.115512E+00   1.872841E-12   1.108796E-12 
  4.160000E+01  -8.630250E-01   2.115512E+00   2.075939E-12   1.050661E-12 
  4.165000E+01  -8.630250E-01   2.115512E+00   2.245456E-12   9.858401E-13 
  4.170000E+01  -8.630250E-01   2.115512E+00   2.381968E-12   9.152193E-13 
  4.175000E+01  -8.630250E-01   2.115512E+00   2.486115E-12   8.400710E-13 
  4.180000E+01  -8.630250E-01   2.115512E+00   2.558945E-12   7.614981E-13 
  4.185000E+01  -8.630250E-01   2.115512E+00   2.601730E-12   6.805270E-13 
  4.190000E+01  -8.630250E-01   2.115512E+00   2.615961E-12   5.980409E-13 
  4.195000E+01  -8.630250E-01   2.115512E+00   2.603314E-12   5.150241E-13 
  4.200000E+01  -8.630250E-01   2.115512E+00   2.565714E-12   4.322216E-13 
  4.205000E+01  -8.630250E-01   2.115512E+00   2.505010E-12   3.505344E-13 
  4.210000E+01  -8.630250E-01   2.115512E+00   2.423306E-12   2.707093E-13 
  4.215000E+01  -8.630250E-01   2.115512E+00   2.322899E-12   1.931857E-13 
  4.220000E+01  -8.630250E-01   2.115512E+00   2.205864E-12   1.187812E-13 
  4.225000E+01  -8.630250E-01   2.115512E+00   2.074459E-12   4.800938E-14 
  4.230000E+01  -8.630250E-01   2.115512E+00   1.930879E-12  -1.860655E-14 
  4.235000E+01  -8.630250E-01   2.115512E+00   1.777340E-12  -8.078949E-14 
  4.240000E+01  -8.630250E-01   2.115512E+00   1.616149E-12  -1.383278E-13 
  4.245000E+01  -8.630250E-01   2.115512E+00   1.449290E-12  -1.908703E-13 
  4.250000E+01  -8.630250E-01   2.115512E+00   1.278662E-12  -2.379168E-13 
  4.255000E+01  -8.630250E-01   2.115512E+00   1.106385E-12  -2.797280E-13 
  4.260000E+01  -8.630250E-01   2.115512E+00   9.341651E-13  -3.160451E-13 
  4.265000E+01  -8.630250E-01   2.115512E+00   7.636781E-13  -3.467774E-13 
  4.270000E+01  -8.630250E-01   2.115512E+00   5.966684E-13  -3.723521E-13 
  4.275000E+01  -8.630250E-01   2.115512E+00   4.344171E-13  -3.924817E-13 
  4.280000E+01  -8.630250E-01   2.115512E+00   2.782626E-13  -4.074515E-13 
  4.285000E+01  -8.630250E-01   2.115512E+00   1.293912E-13  -4.174474E-13 
  4.290000E+01  -8.630250E-01   2.115512E+00  -1.117000E-14  -4.228132E-13 
  4.295000E+01  -8.630250E-01   2.115512E+00  -1.425501E-13  -4.237981E-13 
  4.300000E+01  -8.630250E-01   2.115512E+00  -2.641325E-13  -4.204042E-13 
  4.305000E+01  -8.630250E-01   2.115512E+00  -3.753325E-13  -4.129908E-13 
  4.310000E+01  -8.630250E-01   2.115512E+00  -4.757307E-13  -4.018020E-13 
  4.315000E+01  -8.630250E-01   2.115512E+00  -5.650799E-13  -3.872395E-13 
  4.320000E+01  -8.630250E-01   2.115512E+00  -6.428743E-13  -3.701868E-13 
  4.325000E+01  -8.630250E-01   2.115512E+00  -7.094280E-13  -3.503731E-13 
  4.330000E+01  -8.630250E-01   2.115512E+00  -7.646880E-13  -3.282713E-13 
  4.335000E+01  -8.630250E-01   2.115512E+00  -8.087732E-13  -3.044734E-13 
  4.340000E+01  -8.630250E-01   2.115512E+00  -8.420497E-13  -2.791306E-13 
  4.345000E+01  -8.630250E-01   2.115512E+00  -8.649001E-13  -2.525586E-13 
  4.350000E+01  -8.630250E-01   2.115512E+00  -8.777482E-13  -2.251760E-13 
  4.355000E+01  -8.630250E-01   2.115512E+00  -8.809723E-13  -1.973885E-13 
  4.360000E+01  -8.630250E-01   2.115512E+00  -8.753551E-13  -1.692100E-13 
  4.365000E+01  -8.630250E-01   2.115512E+00  -8.614801E-13  -1.411167E-13 
  4.370000E+01  -8.630250E-01   2.115512E+00  -8.399254E-13  -1.135204E-13 
  4.375000E+01  -8.630250E-01   2.115512E+00  -8.114087E-13  -8.669063E-14 
  4.380000E+01  -8.630250E-01   2.115512E+00  -7.766368E-13  -6.080755E-14 
  4.385000E+01  -8.630250E-01   2.115512E+00  -7.363191E-13  -3.610585E-14 
  4.390000E+01  -8.630250E-01   2.115512E+00  -6.911988E-13  -1.281011E-14 
  4.395000E+01  -8.630250E-01   2.115512E+00  -6.421240E-13   9.146064E-15 
  4.400000E+01  -8.630250E-01   2.115512E+00  -5.898365E-13   2.964943E-14 
  4.405000E+01  -8.630250E-01   2.115512E+00  -5.350811E-13   4.871621E-14 
  4.410000E+01  -8.630250E-01   2.115512E+00  -4.786026E-13   6.610394E-14 
  4.415000E+01  -8.630250E-01   2.115512E+00  -4.210323E-13   8.183906E-14 
  4.420000E+01  -8.630250E-01   2.115512E+00  -3.631078E-13   9.593402E-14 
  4.425000E+01  -8.630250E-01   2.115512E+00  -3.053137E-13   1.082465E-13 
  4.430000E+01  -8.630250E-01   2.115512E+00  -2.480423E-13   1.183796E-13 
  4.435000E+01  -8.630250E-01   2.115512E+00  -1.920427E-13   1.267385E-13 
  4.440000E+01  -8.630250E-01   2.115512E+00  -1.376715E-13   1.332411E-13 
  4.445000E+01  -8.630250E-01   2.115512E+00  -8.538754E-14   1.378968E-13 
  4.450000E+01  -8.630250E-01   2.115512E+00  -3.563814E-14   1.409024E-13 
  4.455000E+01  -8.630250E-01   2.115512E+00   1.123626E-14   1.423624E-13 
  4.460000E+01  -8.630250E-01   2.115512E+00   5.506304E-14   1.422433E-13 
  4.465000E+01  -8.630250E-01   2.115512E+00   9.555203E-14   1.406711E-13 
  4.470000E+01  -8.630250E-01   2.115512E+00   1.324632E-13   1.378792E-13 
  4.475000E+01  -8.630250E-01   2.115512E+00   1.656232E-13   1.340514E-13 
  4.480000E+01  -8.630250E-01   2.115512E+00   1.950909E-13   1.290343E-13 
  4.485000E+01  -8.630250E-01   2.115512E+00   2.206020E-13   1.233495E-13 
  4.490000E+01  -8.630250E-01   2.115512E+00   2.423849E-13   1.165779E-13 
  4.495000E+01  -8.630250E-01   2.115512E+00   2.603831E-13   1.090389E-13 
  4.500000E+01  -8.630250E-01   2.115512E+00   2.747587E-13   1.007042E-13 
  4.505000E+01  -8.630250E-01   2.115512E+00   2.854206E-13   9.203946E-14 
  4.510000E+01  -8.630250E-01   2.115512E+00   2.925929E-13   8.291501E-14 
  4.515000E+01  -8.630250E-01   2.115512E+00   2.964257E-13   7.356118E-14 
  4.520000E+01  -8.630250E-01   2.115512E+00   2.970272E-13   6.417980E-14 
  4.525000E+01  -8.630250E-01   2.115512E+00   2.946632E-13   5.467512E-14 
  4.530000E+01  -8.630250E-01   2.115512E+00   2.896477E-13   4.503221E-14 
  4.535000E+01  -8.630250E-01   2.115512E+00   2.820839E-13   3.555105E-14 
  4.540000E+01  -8.630250E-01   2.115512E+00   2.722556E-13   2.618479E-14 
  4.545000E+01  -8.630250E-01   2.115512E+00   2.602834E-13   1.739262E-14 
  4.550000E+01  -8.630250E-01   2.115512E+00   2.464082E-13   9.100602E-15 
  4.555000E+01  -8.630250E-01   2.115512E+00   2.309286E-13   1.408491E-15 
  4.560000E+01  -8.630250E-01   2.115512E+00   2.141290E-13  -5.821855E-15 
  4.565000E+01  -8.630250E-01   2.115512E+00   1.962833E-13  -1.258349E-14 
  4.570000E+01  -8.630250E-01   2.115512E+00   1.777038E-13  -1.891813E-14 
  4.575000E+01  -8.630250E-01   2.115512E+00   1.584142E-13  -2.434336E-14 
  4.580000E+01  -8.630250E-01   2.115512E+00   1.388885E-13  -2.943742E-14 
  4.585000E+01  -8.630250E-01   2.115512E+00   1.192131E-13  -3.383845E-14 
  4.590000E+01  -8.630250E-01   2.115512E+00   9.962121E-14  -3.764876E-14 
  4.595000E+01  -8.630250E-01   2.115512E+00   8.022551E-14  -4.063870E-14 
  4.600000E+01  -8.630250E-01   2.115512E+00   6.136151E-14  -4.322033E-14 
  4.605000E+01  -8.630250E-01   2.115512E+00   4.303084E-14  -4.515945E-14 
  4.610000E+01  -8.630250E-01   2.115512E+00   2.547176E-14  -4.654213E-14 
  4.615000E+01  -8.630250E-01   2.115512E+00   8.836910E-15  -4.744411E-14 
  4.620000E+01  -8.630250E-01   2.115512E+00  -6.782718E-15  -4.791393E-14 
  4.625000E+01  -8.630250E-01   2.115512E+00  -2.124879E-14  -4.801513E-14 
  4.630000E+01  -8.630250E-01   2.115512E+00  -3.458790E-14  -4.767308E-14 
  4.635000E+01  -8.630250E-01   2.115512E+00  -4.662680E-14  -4.701608E-14 
  4.640000E+01  -8.630250E-01   2.115512E+00  -5.739016E-14  -4.602068E-14 
  4.645000E+01  -8.630250E-01   2.115512E+00  -6.694766E-14  -4.459688E-14 
  4.650000E+01  -8.630250E-01   2.115512E+00  -7.517956E-14  -4.288559E-14 
  4.655000E+01  -8.630250E-01   2.115512E+00  -8.223977E-14  -4.069188E-14 
  4.660000E+01  -8.630250E-01   2.115512E+00  -8.810232E-14  -3.811503E-14 
  4.665000E+01  -8.630250E-01   2.115512E+00  -9.264023E-14  -3.553802E-14 
  4.670000E+01  -8.630250E-01   2.115512E+00  -9.596000E-14  -3.274550E-14 
  4.675000E+01  -8.630250E-01   2.115512E+00  -9.816944E-14  -2.965470E-14 
  4.680000E+01  -8.630250E-01   2.115512E+00  -9.941716E-14  -2.618229E-14 
  4.685000E+01  -8.630250E-01   2.115512E+00  -9.956998E-14  -2.273626E-14 
  4.690000E+01  -8.630250E-01   2.115512E+00  -9.874752E-14  -1.926020E-14 
  4.695000E+01  -8.630250E-01   2.115512E+00  -9.700472E-14  -1.583453E-14 
  4.700000E+01  -8.630250E-01   2.115512E+00  -9.437423E-14  -1.251415E-14 
  4.705000E+01  -8.630250E-01   2.115512E+00  -9.099198E-14  -9.271667E-15 
  4.710000E+01  -8.630250E-01   2.115512E+00  -8.696544E-14  -6.127808E-15 
  4.715000E+01  -8.630250E-01   2.115512E+00  -8.230620E-14  -3.121802E-15 
  4.720000E+01  -8.630250E-01   2.115512E+00  -7.713624E-14  -3.148639E-16 
  4.725000E+01  -8.630250E-01   2.115512E+00  -7.152955E-14   2.284993E-15 
  4.730000E+01  -8.630250E-01   2.115512E+00  -6.557949E-14   4.748811E-15 
  4.735000E+01  -8.630250E-01   2.115512E+00  -5.940636E-14   7.072815E-15 
  4.740000E+01  -8.630250E-01   2.115512E+00  -5.306393E-14   9.162064E-15 
  4.745000E+01  -8.630250E-01   2.115512E+00  -4.663797E-14   1.106451E-14 
  4.750000E+01  -8.630250E-01   2.115512E+00  -4.016437E-14   1.273723E-14 
  4.755000E+01  -8.630250E-01   2.115512E+00  -3.370456E-14   1.421148E-14 
  4.760000E+01  -8.630250E-01   2.115512E+00  -2.728841E-14   1.534287E-14 
  4.765000E+01  -8.630250E-01   2.115512E+00  -2.090975E-14   1.609584E-14 
  4.770000E+01  -8.630250E-01   2.115512E+00  -1.463238E-14   1.649209E-14 
  4.775000E+01  -8.630250E-01   2.115512E+00  -8.559469E-15   1.654216E-14 
  4.780000E+01  -8.630250E-01   2.115512E+00  -2.818487E-15   1.654170E-14 
  4.785000E+01  -8.630250E-01   2.115512E+00   2.638827E-15   1.634419E-14 
  4.790000E+01  -8.630250E-01   2.115512E+00   7.768090E-15   1.592879E-14 
  4.795000E+01  -8.630250E-01   2.115512E+00   1.243759E-14   1.546302E-14 
  4.800000E+01  -8.630250E-01   2.115512E+00   1.675455E-14   1.475720E-14 
  4.805000E+01  -8.630250E-01   2.115512E+00   2.059940E-14   1.392269E-14 
  4.810000E+01  -8.630250E-01   2.115512E+00   2.405958E-14   1.289821E-14 
  4.815000E+01  -8.630250E-01   2.115512E+00   2.716948E-14   1.166070E-14 
  4.820000E+01  -8.630250E-01   2.115512E+00   2.967435E-14   1.058509E-14 
  4.825000E+01  -8.630250E-01   2.115512E+00   3.166679E-14   9.609205E-15 
  4.830000E+01  -8.630250E-01   2.115512E+00   3.317734E-14   8.725982E-15 
  4.835000E+01  -8.630250E-01   2.115512E+00   3.419106E-14   7.849489E-15 
  4.840000E+01  -8.630250E-01   2.115512E+00   3.481229E-14   6.936150E-15 
  4.845000E+01  -8.630250E-01   2.115512E+00   3.498595E-14   6.057247E-15 
  4.850000E+01  -8.630250E-01   2.115512E+00   3.477123E-14   5.160118E-15 
  4.855000E+01  -8.630250E-01   2.115512E+00   3.420959E-14   4.292378E-15 
  4.860000E+01  -8.630250E-01   2.115512E+00   3.331932E-14   3.365029E-15 
  4.865000E+01  -8.630250E-01   2.115512E+00   3.218028E-14   2.524638E-15 
  4.870000E+01  -8.630250E-01   2.115512E+00   3.071239E-14   1.858114E-15 
  4.875000E+01  -8.630250E-01   2.115512E+00   2.896942E-14   1.261120E-15 
  4.880000E+01  -8.630250E-01   2.115512E+00   2.703754E-14   7.317303E-16 
  4.885000E+01  -8.630250E-01   2.115512E+00   2.493798E-14   2.606527E-16 
  4.890000E+01  -8.630250E-01   2.115512E+00   2.270810E-14  -1.911081E-16 
  4.895000E+01  -8.630250E-01   2.115512E+00   2.039527E-14  -6.644541E-16 
  4.900000E+01  -8.630250E-01   2.115512E+00   1.808014E-14  -1.183595E-15 
  4.905000E+01  -8.630250E-01   2.115512E+00   1.576676E-14  -1.714337E-15 
  4.910000E+01  -8.630250E-01   2.115512E+00   1.347307E-14  -2.299152E-15 
  4.915000E+01  -8.630250E-01   2.115512E+00   1.119742E-14  -2.892666E-15 
  4.920000E+01  -8.630250E-01   2.115512E+00   9.020355E-15  -3.542064E-15 
  4.925000E+01  -8.630250E-01   2.115512E+00   6.946173E-15  -4.224004E-15 
  4.930000E+01  -8.630250E-01   2.115512E+00   4.964912E-15  -4.896112E-15 
  4.935000E+01  -8.630250E-01   2.115512E+00   3.046133E-15  -5.415304E-15 
  4.940000E+01  -8.630250E-01   2.115512E+00   1.150234E-15  -5.706435E-15 
  4.945000E+01  -8.630250E-01   2.115512E+00  -6.897241E-16  -5.791031E-15 
  4.950000E+01  -8.630250E-01   2.115512E+00  -2.485827E-15  -5.666724E-15 
  4.955000E+01  -8.630250E-01   2.115512E+00  -4.108538E-15  -5.449036E-15 
  4.960000E+01  -8.630250E-01   2.115512E+00  -5.585431E-15  -5.283373E-15 
  4.965000E+01  -8.630250E-01   2.115512E+00  -6.974397E-15  -4.907343E-15 
  4.970000E+01  -8.630250E-01   2.115512E+00  -8.210508E-15  -4.459197E-15 
  4.975000E+01  -8.630250E-01   2.115512E+00  -9.405765E-15  -3.805111E-15 
  4.980000E+01  -8.630250E-01   2.115512E+00  -1.034387E-14  -3.315538E-15 
  4.985000E+01  -8.630250E-01   2.115512E+00  -1.107726E-14  -2.963430E-15 
  4.990000E+01  -8.630250E-01   2.115512E+00  -1.159392E-14  -2.721034E-15 
  4.995000E+01  -8.630250E-01   2.115512E+00  -1.190096E-14  -2.605341E-15 
  5.000000E+01  -8.630250E-01   2.115512E+00  -1.206581E-14  -2.506261E-15 
  5.005000E+01  -8.630250E-01   2.115512E+00  -1.206040E-14  -2.469597E-15 
  5.010000E+01  -8.630250E-01   2.115512E+00  -1.188869E-14  -2.509343E-15 
  5.015000E+01  -8.630250E-01   2.115512E+00  -1.160079E-14  -2.572485E-15 
  5.020000E+01  -8.630250E-01   2.115512E+00  -1.114437E-14  -2.692808E-15 
  5.025000E+01  -8.630250E-01   2.115512E+00  -1.060657E-14  -2.793749E-15 
  5.030000E+01  -8.630250E-01   2.115512E+00  -9.945919E-15  -2.937026E-15 
  5.035000E+01  -8.630250E-01   2.115512E+00  -9.237490E-15  -3.050934E-15 
  5.040000E+01  -8.630250E-01   2.115512E+00  -8.464268E-15  -3.148359E-15 
  5.045000E+01  -8.630250E-01   2.115512E+00  -7.636191E-15  -3.246677E-15 
  5.050000E+01  -8.630250E-01   2.115512E+00  -6.788575E-15  -3.306591E-15 
  5.055000E+01  -8.630250E-01   2.115512E+00  -5.925341E-15  -3.375603E-15 
  5.060000E+01  -8.630250E-01   2.115512E+00  -5.061478E-15  -3.384917E-15 
  5.065000E+01  -8.630250E-01   2.115512E+00  -4.221363E-15  -3.379861E-15 
  5.070000E+01  -8.630250E-01   2.115512E+00  -3.360997E-15  -3.386880E-15 
  5.075000E+01  -8.630250E-01   2.115512E+00  -2.580326E-15  -3.346422E-15 
  5.080000E+01  -8.630250E-01   2.115512E+00  -1.877034E-15  -3.242484E-15 
  5.085000E+01  -8.630250E-01   2.115512E+00  -1.211715E-15  -3.100989E-15 
  5.090000E+01  -8.630250E-01   2.115512E+00  -5.811920E-16  -2.949910E-15 
  5.095000E+01  -8.630250E-01   2.115512E+00  -2.055904E-17  -2.769940E-15 
  5.100000E+01  -8.630250E-01   2.115512E+00   4.762006E-16  -2.566916E-15 
  5.105000E+01  -8.630250E-01   2.115512E+00   9.147121E-16  -2.345979E-15 
  5.110000E+01  -8.630250E-01   2.115512E+00   1.300224E-15  -2.111639E-15 
  5.115000E+01  -8.630250E-01   2.115512E+00   1.561723E-15  -1.844687E-15 
  5.120000E+01  -8.630250E-01   2.115512E+00   1.782988E-15  -1.599601E-15 
  5.125000E+01  -8.630250E-01   2.115512E+00   1.972444E-15  -1.355466E-15 
  5.130000E+01  -8.630250E-01   2.115512E+00   2.092523E-15  -1.089583E-15 
  5.135000E+01  -8.630250E-01   2.115512E+00   2.123956E-15  -7.932935E-16 
  5.140000E+01  -8.630250E-01   2.115512E+00   2.097574E-15  -4.868027E-16 
  5.145000E+01  -8.630250E-01   2.115512E+00   2.039291E-15  -1.864197E-16 
  5.150000E+01  -8.630250E-01   2.115512E+00   1.955129E-15   1.054140E-16 
  5.155000E+01  -8.630250E-01   2.115512E+00   1.835101E-15   3.733854E-16 
  5.160000E+01  -8.630250E-01   2.115512E+00   1.692356E-15   6.092391E-16 
  5.165000E+01  -8.630250E-01   2.115512E+00   1.512658E-15   8.480955E-16 
  5.170000E+01  -8.630250E-01   2.115512E+00   1.311572E-15   1.079990E-15 
  5.175000E+01  -8.630250E-01   2.115512E+00   1.112296E-15   1.292528E-15 
  5.180000E+01  -8.630250E-01   2.115512E+00   8.627929E-16   1.517266E-15 
  5.185000E+01  -8.630250E-01   2.115512E+00   6.301566E-16   1.714144E-15 
  5.190000E+01  -8.630250E-01   2.115512E+00   4.137268E-16   1.885777E-15 
  5.195000E+01  -8.630250E-01   2.115512E+00   2.128118E-16   2.034590E-15 
  5.200000E+01  -8.630250E-01   2.115512E+00   2.669812E-17   2.162824E-15 
  5.205000E+01  -8.630250E-01   2.115512E+00  -1.453399E-16   2.272552E-15 
  5.210000E+01  -8.630250E-01   2.115512E+00  -3.040329E-16   2.365681E-15 
  5.215000E+01  -8.630250E-01   2.115512E+00  -4.501092E-16   2.443966E-15 
  5.220000E+01  -8.630250E-01   2.115512E+00  -5.842899E-16   2.509017E-15 
  5.225000E+01  -8.630250E-01   2.115512E+00  -7.072836E-16   2.562308E-15 
  5.230000E+01  -8.630250E-01   2.115512E+00  -8.197826E-16   2.605184E-15 
  5.235000E+01  -8.630250E-01   2.115512E+00  -9.224599E-16   2.638874E-15 
  5.240000E+01  -8.630250E-01   2.115512E+00  -1.015967E-15   2.664493E-15 
  5.245000E+01  -8.630250E-01   2.115512E+00  -1.100930E-15   2.683055E-15 
  5.250000E+01  -8.630250E-01   2.115512E+00  -1.168092E-15   2.689448E-15 
  5.255000E+01  -8.630250E-01   2.115512E+00  -1.166219E-15   2.655106E-15 
  5.260000E+01  -8.630250E-01   2.115512E+00  -1.155346E-15   2.618036E-15 
  5.265000E+01  -8.630250E-01   2.115512E+00  -1.090276E-15   2.552256E-15 
  5.270000E+01  -8.630250E-01   2.115512E+00  -1.004354E-15   2.479611E-15 
  5.275000E+01  -8.630250E-01   2.115512E+00  -9.244216E-16   2.416287E-15 
  5.280000E+01  -8.630250E-01   2.115512E+00  -8.502211E-16   2.361387E-15 
  5.285000E+01  -8.630250E-01   2.115512E+00  -7.814892E-16   2.314083E-15 
  5.290000E+01  -8.630250E-01   2.115512E+00  -7.179574E-16   2.273611E-15 
  5.295000E+01  -8.630250E-01   2.115512E+00  -6.593557E-16   2.239265E-15 
  5.300000E+01  -8.630250E-01   2.115512E+00  -6.054147E-16   2.210399E-15 
  5.305000E+01  -8.630250E-01   2.115512E+00  -5.558680E-16   2.186417E-15 
  5.310000E+01  -8.630250E-01   2.115512E+00  -5.104535E-16   2.166775E-15 
  5.315000E+01  -8.630250E-01   2.115512E+00  -4.689155E-16   2.150977E-15 
  5.320000E+01  -8.630250E-01   2.115512E+00  -4.310052E-16   2.138569E-15 
  5.325000E+01  -8.630250E-01   2.115512E+00  -3.964820E-16   2.129139E-15 
  5.330000E+01  -8.630250E-01   2.115512E+00  -3.651142E-16   2.122313E-15 
  5.335000E+01  -8.630250E-01   2.115512E+00  -3.366795E-16   2.117752E-15 
  5.340000E+01  -8.630250E-01   2.115512E+00  -3.109652E-16   2.115151E-15 
  5.345000E+01  -8.630250E-01   2.115512E+00  -2.877689E-16   2.114234E-15 
  5.350000E+01  -8.630250E-01   2.115512E+00  -2.668983E-16   2.114753E-15 
  5.355000E+01  -8.630250E-01   2.115512E+00  -2.481711E-16   2.116488E-15 
  5.360000E+01  -8.630250E-01   2.115512E+00  -2.314153E-16   2.119240E-15 
  5.365000E+01  -8.630250E-01   2.115512E+00  -2.164689E-16   2.122833E-15 
  5.370000E+01  -8.630250E-01   2.115512E+00  -2.031796E-16   2.127109E-15 
  5.375000E+01  -8.630250E-01   2.115512E+00  -1.914048E-16   2.131932E-15 
  5.380000E+01  -8.630250E-01   2.115512E+00  -1.810111E-16   2.137179E-15 
  5.385000E+01  -8.630250E-01   2.115512E+00  -1.718740E-16   2.142742E-15 
  5.390000E+01  -8.630250E-01   2.115512E+00  -1.638776E-16   2.148530E-15 
  5.395000E+01  -8.630250E-01   2.115512E+00  -1.569144E-16   2.154460E-15 
  5.400000E+01  -8.630250E-01   2.115512E+00  -1.508846E-16   2.160464E-15 
  5.405000E+01  -8.630250E-01   2.115512E+00  -1.456961E-16   2.166480E-15 
  5.410000E+01  -8.630250E-01   2.115512E+00  -1.412637E-16   2.172459E-15 
  5.415000E+01  -8.630250E-01   2.115512E+00  -1.375090E-16   2.178357E-15 
  5.420000E+01  -8.630250E-01   2.115512E+00  -1.343601E-16   2.184138E-15 
  5.425000E+01  -8.630250E-01   2.115512E+00  -1.317508E-16   2.189774E-15 
  5.430000E+01  -8.630250E-01   2.115512E+00  -1.296208E-16   2.195239E-15 
  5.435000E+01  -8.630250E-01   2.115512E+00  -1.279148E-16   2.200517E-15 
  5.440000E+01  -8.630250E-01   2.115512E+00  -1.265825E-16   2.205591E-15 
  5.445000E+01  -8.630250E-01   2.115512E+00  -1.255781E-16   2.210452E-15 
  5.450000E+01  -8.630250E-01   2.115512E+00  -1.248604E-16   2.215092E-15 
  5.455000E+01  -8.630250E-01   2.115512E+00  -1.243916E-16   2.219507E-15 
  5.460000E+01  -8.630250E-01   2.115512E+00  -1.241379E-16   2.223695E-15 
  5.465000E+01  -8.630250E-01   2.115512E+00  -1.240689E-16   2.227656E-15 
  5.470000E+01  -8.630250E-01   2.115512E+00  -1.241571E-16   2.231393E-15 
  5.475000E+01  -8.630250E-01   2.115512E+00  -1.243780E-16   2.234908E-15 
  5.480000E+01  -8.630250E-01   2.115512E+00  -1.247098E-16   2.238208E-15 
  5.485000E+01  -8.630250E-01   2.115512E+00  -1.251329E-16   2.241297E-15 
  5.490000E+01  -8.630250E-01   2.115512E+00  -1.256302E-16   2.244183E-15 
  5.495000E+01  -8.630250E-01   2.115512E+00  -1.261862E-16   2.246872E-15 
  5.500000E+01  -8.630250E-01   2.115512E+00  -1.267877E-16   2.249373E-15 
  5.505000E+01  -8.630250E-01   2.115512E+00  -1.274228E-16   2.251694E-15 
  5.510000E+01  -8.630250E-01   2.115512E+00  -1.280813E-16   2.253843E-15 
  5.515000E+01  -8.630250E-01   2.115512E+00  -1.287543E-16   2.255828E-15 
  5.520000E+01  -8.630250E-01   2.115512E+00  -1.294340E-16   2.257659E-15 
  5.525000E+01  -8.630250E-01   2.115512E+00  -1.301141E-16   2.259343E-15 
  5.530000E+01  -8.630250E-01   2.115512E+00  -1.307888E-16   2.260890E-15 
  5.535000E+01  -8.630250E-01   2.115512E+00  -1.314535E-16   2.262307E-15 
  5.540000E+01  -8.630250E-01   2.115512E+00  -1.321043E-16   2.263602E-15 
  5.545000E+01  -8.630250E-01   2.115512E+00  -1.327380E-16   2.264784E-15 
  5.550000E+01  -8.630250E-01   2.115512E+00  -1.333520E-16   2.265860E-15 
  5.555000E+01  -8.630250E-01   2.115512E+00  -1.339443E-16   2.266837E-15 
  5.560000E+01  -8.630250E-01   2.115512E+00  -1.345135E-16   2.267723E-15 
  5.565000E+01  -8.630250E-01   2.115512E+00  -1.350583E-16   2.268523E-15 
  5.570000E+01  -8.630250E-01   2.115512E+00  -1.355780E-16   2.269245E-15 
  5.575000E+01  -8.630250E-01   2.115512E+00  -1.360722E-16   2.269894E-15 
  5.580000E+01  -8.630250E-01   2.115512E+00  -1.365407E-16   2.270476E-15 
  5.585000E+01  -8.630250E-01   2.115512E+00  -1.369836E-16   2.270996E-15 
  5.590000E+01  -8.630250E-01   2.115512E+00  -1.374012E-16   2.271460E-15 
  5.595000E+01  -8.630250E-01   2.115512E+00  -1.377938E-16   2.271872E-15 
  5.600000E+01  -8.630250E-01   2.115512E+00  -1.381622E-16   2.272237E-15 
  5.605000E+01  -8.630250E-01   2.115512E+00  -1.385069E-16   2.272559E-15 
  5.610000E+01  -8.630250E-01   2.115512E+00  -1.388287E-16   2.272842E-15 
  5.615000E+01  -8.630250E-01   2.115512E+00  -1.391286E-16   2.273090E-15 
  5.620000E+01  -8.630250E-01   2.115512E+00  -1.394073E-16   2.273305E-15 
  5.625000E+01  -8.630250E-01   2.115512E+00  -1.396657E-16   2.273491E-15 
  5.630000E+01  -8.630250E-01   2.115512E+00  -1.399050E-16   2.273651E-15 
  5.635000E+01  -8.630250E-01   2.115512E+00  -1.401260E-16   2.273787E-15 
  5.640000E+01  -8.630250E-01   2.115512E+00  -1.403296E-16   2.273902E-15 
  5.645000E+01  -8.630250E-01   2.115512E+00  -1.405169E-16   2.273999E-15 
  5.650000E+01  -8.630250E-01   2.115512E+00  -1.406888E-16   2.274079E-15 
  5.655000E+01  -8.630250E-01   2.115512E+00  -1.408463E-16   2.274144E-15 
  5.660000E+01  -8.630250E-01   2.115512E+00  -1.409901E-16   2.274196E-15 
  5.665000E+01  -8.630250E-01   2.115512E+00  -1.411214E-16   2.274236E-15 
  5.670000E+01  -8.630250E-01   2.115512E+00  -1.412407E-16   2.274266E-15 
  5.675000E+01  -8.630250E-01   2.115512E+00  -1.413491E-16   2.274287E-15 
  5.680000E+01  -8.630250E-01   2.115512E+00  -1.414473E-16   2.274301E-15 
  5.685000E+01  -8.630250E-01   2.115512E+00  -1.415359E-16   2.274308E-15 
  5.690000E+01  -8.630250E-01   2.115512E+00  -1.416158E-16   2.274309E-15 
  5.695000E+01  -8.630250E-01   2.115512E+00  -1.416877E-16   2.274305E-15 
  5.700000E+01  -8.630250E-01   2.115512E+00  -1.417520E-16   2.274297E-15 
  5.705000E+01  -8.630250E-01   2.115512E+00  -1.418096E-16   2.274286E-15 
  5.710000E+01  -8.630250E-01   2.115512E+00  -1.418608E-16   2.274272E-15 
  5.715000E+01  -8.630250E-01   2.115512E+00  -1.419064E-16   2.274256E-15 
  5.720000E+01  -8.630250E-01   2.115512E+00  -1.419466E-16   2.274238E-15 
  5.725000E+01  -8.630250E-01   2.115512E+00  -1.419821E-16   2.274219E-15 
  5.730000E+01  -8.630250E-01   2.115512E+00  -1.420133E-16   2.274199E-15 
  5.735000E+01  -8.630250E-01   2.115512E+00  -1.420405E-16   2.274178E-15 
  5.740000E+01  -8.630250E-01   2.115512E+00  -1.420641E-16   2.274156E-15 
  5.745000E+01  -8.630250E-01   2.115512E+00  -1.420846E-16   2.274135E-15 
  5.750000E+01  -8.630250E-01   2.115512E+00  -1.421021E-16   2.274113E-15 
  5.755000E+01  -8.630250E-01   2.115512E+00  -1.421170E-16   2.274092E-15 
  5.760000E+01  -8.630250E-01   2.115512E+00  -1.421296E-16   2.274071E-15 
  5.765000E+01  -8.630250E-01   2.115512E+00  -1.421402E-16   2.274050E-15 
  5.770000E+01  -8.630250E-01   2.115512E+00  -1.421488E-16   2.274030E-15 
  5.775000E+01  -8.630250E-01   2.115512E+00  -1.421559E-16   2.274011E-15 
  5.780000E+01  -8.630250E-01   2.115512E+00  -1.421614E-16   2.273992E-15 
  5.785000E+01  -8.630250E-01   2.115512E+00  -1.421658E-16   2.273974E-15 
  5.790000E+01  -8.630250E-01   2.115512E+00  -1.421689E-16   2.273957E-15 
  5.795000E+01  -8.630250E-01   2.115512E+00  -1.421712E-16   2.273941E-15 
  5.800000E+01  -8.630250E-01   2.115512E+00  -1.421725E-16   2.273925E-15 
  5.805000E+01  -8.630250E-01   2.115512E+00  -1.421732E-16   2.273911E-15 
  5.810000E+01  -8.630250E-01   2.115512E+00  -1.421732E-16   2.273897E-15 
  5.815000E+01  -8.630250E-01   2.115512E+00  -1.421727E-16   2.273884E-15 
  5.820000E+01  -8.630250E-01   2.115512E+00  -1.421717E-16   2.273871E-15 
  5.825000E+01  -8.630250E-01   2.115512E+00  -1.421704E-16   2.273860E-15 
  5.830000E+01  -8.630250E-01   2.115512E+00  -1.421688E-16   2.273849E-15 
  5.835000E+01  -8.630250E-01   2.115512E+00  -1.421669E-16   2.273839E-15 
  5.840000E+01  -8.630250E-01   2.115512E+00  -1.421648E-16   2.273830E-15 
  5.845000E+01  -8.630250E-01   2.115512E+00  -1.421626E-16   2.273821E-15 
  5.850000E+01  -8.630250E-01   2.115512E+00  -1.421603E-16   2.273813E-15 
  5.855000E+01  -8.630250E-01   2.115512E+00  -1.421579E-16   2.273805E-15 
  5.860000E+01  -8.630250E-01   2.115512E+00  -1.421555E-16   2.273798E-15 
  5.865000E+01  -8.630250E-01   2.115512E+00  -1.421531E-16   2.273792E-15 
  5.870000E+01  -8.630250E-01   2.115512E+00  -1.421506E-16   2.273786E-15 
  5.875000E+01  -8.630250E-01   2.115512E+00  -1.421482E-16   2.273781E-15 
  5.880000E+01  -8.630250E-01   2.115512E+00  -1.421459E-16   2.273776E-15 
  5.885000E+01  -8.630250E-01   2.115512E+00  -1.421435E-16   2.273771E-15 
  5.890000E+01  -8.630250E-01   2.115512E+00  -1.421413E-16   2.273767E-15 
  5.895000E+01  -8.630250E-01   2.115512E+00  -1.421391E-16   2.273764E-15 
  5.900000E+01  -8.630250E-01   2.115512E+00  -1.421370E-16   2.273760E-15 
  5.905000E+01  -8.630250E-01   2.115512E+00  -1.421350E-16   2.273757E-15 
  5.910000E+01  -8.630250E-01   2.115512E+00  -1.421331E-16   2.273754E-15 
  5.915000E+01  -8.630250E-01   2.115512E+00  -1.421313E-16   2.273752E-15 
  5.920000E+01  -8.630250E-01   2.115512E+00  -1.421295E-16   2.273750E-15 
  5.925000E+01  -8.630250E-01   2.115512E+00  -1.421279E-16   2.273748E-15 
  5.930000E+01  -8.630250E-01   2.115512E+00  -1.421263E-16   2.273746E-15 
  5.935000E+01  -8.630250E-01   2.115512E+00  -1.421249E-16   2.273744E-15 
  5.940000E+01  -8.630250E-01   2.115512E+00  -1.421235E-16   2.273743E-15 
  5.945000E+01  -8.630250E-01   2.115512E+00  -1.421222E-16   2.273742E-15 
  5.950000E+01  -8.630250E-01   2.115512E+00  -1.421210E-16   2.273741E-15 
  5.955000E+01  -8.630250E-01   2.115512E+00  -1.421199E-16   2.273740E-15 
  5.960000E+01  -8.630250E-01   2.115512E+00  -1.421188E-16   2.273739E-15 
  5.965000E+01  -8.630250E-01   2.115512E+00  -1.421179E-16   2.273738E-15 
  5.970000E+01  -8.630250E-01   2.115512E+00  -1.421170E-16   2.273737E-15 
  5.975000E+01  -8.630250E-01   2.115512E+00  -1.421161E-16   2.273737E-15 
  5.980000E+01  -8.630250E-01   2.115512E+00  -1.421154E-16   2.273736E-15 
  5.985000E+01  -8.630250E-01   2.115512E+00  -1.421147E-16   2.273736E-15 
  5.990000E+01  -8.630250E-01   2.115512E+00  -1.421140E-16   2.273736E-15 
  5.995000E+01  -8.630250E-01   2.115512E+00  -1.421134E-16   2.273735E-15 
  6.000000E+01  -8.630250E-01   2.115512E+00  -1.421129E-16   2.273735E-15 
